-3.61,1.32,57,300,0,0.00 
-3.60,1.31,57,300,0,0.00 
-3.59,1.32,57,300,0,0.00 
-3.58,1.32,57,300,0,0.00 
-3.58,1.32,57,300,0,0.00 
-3.59,1.32,57,300,0,0.00 
-3.60,1.32,57,300,0,0.00 
-3.60,1.33,57,300,0,0.00 
-3.60,1.34,57,300,0,0.00 
-3.59,1.33,57,300,0,0.00 
-3.59,1.33,57,300,0,0.00 
-3.61,1.33,57,300,0,0.00 
-3.61,1.33,57,300,0,0.00 
-3.61,1.34,57,300,0,0.00 
-3.60,1.34,57,300,0,0.00 
-3.59,1.34,57,300,0,0.00 
-3.58,1.34,57,300,0,0.00 
-3.58,1.34,57,300,0,0.00 
-3.59,1.34,57,300,0,0.00 
-3.60,1.35,57,300,0,0.00 
-3.60,1.36,57,300,0,0.00 
-3.58,1.36,57,300,0,0.00 
-3.57,1.35,57,300,0,0.00 
-3.56,1.34,57,300,0,0.00 
-3.57,1.35,57,300,0,0.00 
-3.59,1.35,57,300,0,0.00 
-3.60,1.35,57,300,0,0.00 
-3.59,1.35,57,300,0,0.00 
-3.58,1.35,57,300,0,0.00 
-3.58,1.36,57,300,0,0.00 
-3.59,1.35,57,300,0,0.00 
-3.60,1.35,57,300,0,0.00 
-3.61,1.35,57,300,0,0.00 
-3.61,1.35,57,300,0,0.00 
-3.60,1.35,57,300,0,0.00 
-3.60,1.35,57,300,0,0.00 
-3.59,1.35,57,300,0,0.00 
-3.59,1.35,57,300,0,0.00 
-3.59,1.34,57,300,0,0.00 
-3.59,1.34,57,300,0,0.00 
-3.58,1.34,57,300,0,0.00 
-3.57,1.35,57,300,0,0.00 
-3.57,1.34,57,300,0,0.00 
-3.58,1.33,57,300,0,0.00 
-3.58,1.33,57,300,0,0.00 
-3.57,1.34,57,300,0,0.00 
-3.57,1.34,57,300,0,0.00 
-3.57,1.34,57,300,0,0.00 
-3.56,1.34,57,300,0,0.00 
-3.57,1.35,57,300,0,0.00 
-3.57,1.34,57,300,0,0.00 
-3.57,1.34,57,300,0,0.00 
-3.58,1.34,57,300,0,0.00 
-3.58,1.34,57,300,0,0.00 
-3.58,1.34,57,300,0,0.00 
-3.58,1.34,57,300,0,0.00 
-3.58,1.35,57,300,0,0.00 
-3.59,1.35,57,300,0,0.00 
-3.60,1.34,57,300,0,0.00 
-3.61,1.34,57,300,0,0.00 
-3.61,1.33,57,300,0,0.00 
-3.62,1.33,57,300,0,0.00 
-3.61,1.33,57,300,0,0.00 
-3.61,1.33,57,300,0,0.00 
-3.61,1.34,57,300,0,0.00 
-3.60,1.35,57,300,0,0.00 
-3.59,1.34,57,300,0,0.00 
-3.59,1.34,57,300,0,0.00 
-3.59,1.34,57,300,0,0.00 
-3.60,1.34,57,300,0,0.00 
-3.60,1.34,57,300,0,0.00 
-3.60,1.34,57,300,0,0.00 
-3.59,1.34,57,300,0,0.00 
-3.58,1.35,57,300,0,0.00 
-3.58,1.36,57,300,0,0.00 
-3.59,1.35,57,300,0,0.00 
-3.61,1.34,57,300,0,0.00 
-3.61,1.33,57,300,0,0.00 
-3.61,1.33,57,300,0,0.00 
-3.60,1.34,57,300,0,0.00 
-3.60,1.35,57,300,0,0.00 
-3.61,1.34,57,300,0,0.00 
-3.62,1.33,57,300,0,0.00 
-3.63,1.33,57,300,0,0.00 
-3.64,1.34,57,300,0,0.00 
-3.63,1.35,57,300,0,0.00 
-3.62,1.36,57,300,0,0.00 
-3.62,1.36,57,300,0,0.00 
-3.62,1.36,57,300,0,0.00 
-3.62,1.36,57,300,0,0.00 
-3.63,1.35,57,300,0,0.00 
-3.62,1.34,57,300,0,0.00 
-3.62,1.33,57,300,0,0.00 
-3.62,1.34,57,300,0,0.00 
-3.62,1.34,57,300,0,0.00 
-3.62,1.31,57,300,0,0.00 
-3.63,1.31,57,300,0,0.00 
-3.63,1.31,57,300,0,0.00 
-3.62,1.33,57,300,0,0.00 
-3.62,1.34,57,300,0,0.00 
-3.61,1.38,57,300,0,0.00 
-3.61,1.42,57,300,0,0.00 
-3.61,1.47,57,300,0,0.00 
-3.61,1.52,57,300,0,0.00 
-3.61,1.56,57,300,0,0.00 
-3.61,1.60,57,300,0,0.00 
-3.61,1.62,57,300,0,0.00 
-3.61,1.63,57,300,0,0.00 
-3.63,1.62,57,300,0,0.00 
-3.64,1.61,57,300,0,0.00 
-3.65,1.60,57,300,0,0.00 
-3.66,1.60,57,300,0,0.00 
-3.67,1.60,57,300,0,0.00 
-3.67,1.62,57,300,0,0.00 
-3.68,1.64,57,300,0,0.00 
-3.67,1.66,57,300,0,0.00 
-3.66,1.67,57,300,0,0.00 
-3.65,1.68,57,300,0,0.00 
-3.65,1.68,57,300,0,0.00 
-3.64,1.69,57,300,0,0.00 
-3.64,1.69,57,300,0,0.00 
-3.64,1.69,57,300,0,0.00 
-3.64,1.70,57,300,0,0.00 
-3.64,1.71,57,300,0,0.00 
-3.64,1.72,57,300,0,0.00 
-3.64,1.73,57,300,0,0.00 
-3.64,1.73,57,300,0,0.00 
-3.65,1.74,57,300,0,0.00 
-3.66,1.75,57,300,0,0.00 
-3.68,1.75,57,300,0,0.00 
-3.68,1.75,57,300,0,0.00 
-3.68,1.76,57,300,0,0.00 
-3.68,1.76,57,300,0,0.00 
-3.69,1.77,57,300,0,0.00 
-3.70,1.77,57,300,0,0.00 
-3.70,1.77,57,300,0,0.00 
-3.71,1.77,57,300,0,0.00 
-3.72,1.77,57,300,0,0.00 
-3.73,1.77,57,300,0,0.00 
-3.74,1.75,57,300,0,0.00 
-3.75,1.74,57,300,0,0.00 
-3.76,1.71,57,300,0,0.00 
-3.77,1.67,57,300,0,0.00 
-3.78,1.62,57,300,0,0.00 
-3.79,1.59,57,300,0,0.00 
-3.79,1.55,57,300,0,0.00 
-3.80,1.51,57,300,0,0.00 
-3.79,1.48,57,300,0,0.00 
-3.79,1.45,57,300,0,0.00 
-3.79,1.43,57,300,0,0.00 
-3.79,1.41,57,300,0,0.00 
-3.78,1.40,57,300,0,0.00 
-3.77,1.39,57,300,0,0.00 
-3.76,1.38,57,300,0,0.00 
-3.76,1.38,57,300,0,0.00 
-3.75,1.40,57,300,0,0.00 
-3.74,1.41,57,300,0,0.00 
-3.74,1.43,57,300,0,0.00 
-3.72,1.46,57,300,0,0.00 
-3.70,1.49,57,300,0,0.00 
-3.69,1.52,57,300,0,0.00 
-3.67,1.56,57,300,0,0.00 
-3.65,1.61,57,300,0,0.00 
-3.64,1.65,57,300,0,0.00 
-3.62,1.69,57,300,0,0.00 
-3.59,1.73,57,300,0,0.00 
-3.58,1.78,57,300,0,0.00 
-3.55,1.82,57,300,0,0.00 
-3.53,1.88,57,300,0,0.00 
-3.50,1.93,57,300,0,0.00 
-3.48,1.98,57,300,0,0.00 
-3.46,2.03,57,300,0,0.00 
-3.44,2.08,57,300,0,0.00 
-3.41,2.13,57,300,0,0.00 
-3.39,2.18,57,300,0,0.00 
-3.36,2.24,57,300,0,0.00 
-3.34,2.29,57,300,0,0.00 
-3.31,2.34,57,300,0,0.00 
-3.30,2.38,57,300,0,0.00 
-3.29,2.43,57,300,0,0.00 
-3.27,2.47,57,300,0,0.00 
-3.26,2.51,57,300,0,0.00 
-3.25,2.55,57,300,0,0.00 
-3.24,2.58,57,300,0,0.00 
-3.23,2.61,57,300,0,0.00 
-3.22,2.63,57,300,0,0.00 
-3.21,2.64,57,300,0,0.00 
-3.21,2.65,57,300,0,0.00 
-3.21,2.66,57,300,0,0.00 
-3.20,2.67,57,300,0,0.00 
-3.20,2.68,57,300,0,0.00 
-3.19,2.68,57,300,0,0.00 
-3.19,2.68,57,300,0,0.00 
-3.19,2.68,57,300,0,0.00 
-3.19,2.66,57,300,0,0.00 
-3.19,2.66,57,300,0,0.00 
-3.19,2.65,57,300,0,0.00 
-3.20,2.62,57,300,0,0.00 
-3.20,2.61,57,300,0,0.00 
-3.21,2.58,57,300,0,0.00 
-3.22,2.57,57,300,0,0.00 
-3.23,2.55,57,300,0,0.00 
-3.24,2.52,57,300,0,0.00 
-3.25,2.50,57,300,0,0.00 
-3.27,2.48,57,300,0,0.00 
-3.28,2.47,57,300,0,0.00 
-3.29,2.46,57,300,0,0.00 
-3.30,2.45,57,300,0,0.00 
-3.32,2.44,57,300,0,0.00 
-3.33,2.43,57,300,0,0.00 
-3.35,2.43,57,300,0,0.00 
-3.37,2.42,57,300,0,0.00 
-3.38,2.42,57,300,0,0.00 
-3.39,2.43,57,300,0,0.00 
-3.41,2.44,57,300,0,0.00 
-3.42,2.45,57,300,0,0.00 
-3.44,2.50,42,300,0,25.00 
-3.39,2.52,42,300,0,25.00 
-3.40,2.34,42,300,0,25.00 
-3.43,2.24,42,300,0,25.00 
-3.45,2.22,42,300,0,25.00 
-3.47,2.20,42,300,0,25.00 
-3.49,2.26,42,300,0,25.00 
-3.55,2.25,42,300,0,25.00 
-3.58,2.11,42,300,0,25.00 
-3.61,2.08,42,300,0,25.00 
-3.63,1.93,42,300,0,25.00 
-3.62,1.92,42,300,0,25.00 
-3.65,2.23,42,300,0,25.00 
-3.65,2.47,42,300,0,25.00 
-3.65,2.69,42,300,0,25.00 
-3.66,2.91,42,300,0,25.00 
-3.68,3.13,42,300,0,25.00 
-3.68,3.39,42,300,0,25.00 
-3.71,3.68,42,300,0,25.00 
-3.74,4.00,42,300,0,25.00 
-3.76,4.33,42,300,0,25.00 
-3.80,4.69,42,300,0,25.00 
-3.83,5.07,42,300,0,25.00 
-3.86,5.48,42,300,0,25.00 
-3.88,5.91,42,300,0,25.00 
-3.90,6.35,42,300,0,25.00 
-3.92,6.82,42,300,0,25.00 
-3.93,7.31,42,300,0,25.00 
-3.95,7.82,42,300,0,25.00 
-3.96,8.35,42,300,0,25.00 
-3.98,8.90,42,300,0,25.00 
-4.00,9.46,42,300,0,25.00 
-4.04,10.06,42,300,0,25.00 
-4.06,10.66,42,300,0,25.00 
-4.08,11.30,42,300,0,25.00 
-4.09,11.95,42,300,0,25.00 
-4.10,12.62,42,300,0,25.00 
-4.11,13.31,42,300,0,25.00 
-4.11,14.02,42,300,0,25.00 
-4.12,14.75,42,300,0,25.00 
-4.11,15.49,42,300,0,25.00 
-4.10,16.25,42,300,0,25.00 
-4.08,17.03,42,300,0,25.00 
-4.05,17.82,42,300,0,25.00 
-4.01,18.62,42,300,0,25.00 
-3.96,19.42,42,300,0,25.00 
-3.91,20.21,42,300,0,25.00 
-3.86,21.01,42,300,0,25.00 
-3.81,21.81,42,300,0,25.00 
-3.76,22.61,42,300,0,25.00 
-3.72,23.40,42,300,0,25.00 
-3.68,24.18,42,300,0,25.00 
-3.65,24.96,42,300,0,25.00 
-3.63,25.74,42,300,0,25.00 
-3.61,26.50,42,300,0,25.00 
-3.60,27.26,42,300,0,25.00 
-3.59,27.99,42,300,0,25.00 
-3.58,28.71,42,300,0,25.00 
-3.58,29.43,42,300,0,25.00 
-3.58,30.12,42,300,0,25.00 
-3.58,30.78,42,300,0,25.00 
-3.59,31.42,42,300,0,25.00 
-3.60,32.04,42,300,0,25.00 
-3.61,32.64,42,300,0,25.00 
-3.62,33.22,42,300,0,25.00 
-3.62,33.76,42,300,0,25.00 
-3.62,34.28,42,300,0,25.00 
-3.61,34.78,42,300,0,25.00 
-3.60,35.25,42,300,0,25.00 
-3.59,35.69,42,300,0,25.00 
-3.57,36.11,42,300,0,25.00 
-3.56,36.47,42,300,0,25.00 
-3.55,36.82,42,300,0,25.00 
-3.53,37.14,42,300,0,25.00 
-3.52,37.41,42,300,0,25.00 
-3.50,37.64,42,300,0,25.00 
-3.49,37.84,42,300,0,25.00 
-3.47,38.00,42,300,0,25.00 
-3.44,38.14,42,300,0,25.00 
-3.42,38.24,42,300,0,25.00 
-3.40,38.31,42,300,0,25.00 
-3.37,38.33,42,300,0,25.00 
-3.35,38.33,42,300,0,25.00 
-3.32,38.30,42,300,0,25.00 
-3.30,38.22,42,300,0,25.00 
-3.27,38.12,42,300,0,25.00 
-3.24,37.98,42,300,0,25.00 
-3.20,37.80,42,300,0,25.00 
-3.17,37.60,42,300,0,25.00 
-3.13,37.36,42,300,0,25.00 
-3.09,37.09,42,300,0,25.00 
-3.05,36.79,42,300,0,25.00 
-3.00,36.46,42,300,0,25.00 
-2.96,36.09,42,300,0,25.00 
-2.92,35.69,42,300,0,25.00 
-2.87,35.27,42,300,0,25.00 
-2.82,34.81,42,300,0,25.00 
-2.78,34.33,42,300,0,25.00 
-2.71,33.83,42,300,0,25.00 
-2.66,33.29,42,300,0,25.00 
-2.61,32.73,42,300,0,25.00 
-2.57,32.15,42,300,0,25.00 
-2.52,31.55,42,300,0,25.00 
-2.47,30.94,42,300,0,25.00 
-2.38,30.30,42,300,0,25.00 
-2.30,29.64,42,300,0,25.00 
-2.23,28.98,42,300,0,25.00 
-2.17,28.29,42,300,0,25.00 
-2.10,27.60,42,300,0,25.00 
-2.02,26.88,42,300,0,25.00 
-1.93,26.16,42,300,0,25.00 
-1.84,25.42,42,300,0,25.00 
-1.75,24.70,42,300,0,25.00 
-1.67,23.95,42,300,0,25.00 
-1.57,23.20,42,300,0,25.00 
-1.47,22.45,42,300,0,25.00 
-1.39,21.70,42,300,0,25.00 
-1.29,20.95,42,300,0,25.00 
-1.20,20.20,42,300,0,25.00 
-1.13,19.45,42,300,0,25.00 
-1.05,18.71,42,300,0,25.00 
-0.96,17.97,42,300,0,25.00 
-0.90,17.24,42,300,0,25.00 
-0.84,16.51,42,300,0,25.00 
-0.78,15.80,42,300,0,25.00 
-0.72,15.10,42,300,0,25.00 
-0.67,14.41,42,300,0,25.00 
-0.63,13.73,42,300,0,25.00 
-0.58,13.07,42,300,0,25.00 
-0.54,12.43,42,300,0,25.00 
-0.51,11.81,42,300,0,25.00 
-0.47,11.21,42,300,0,25.00 
-0.44,10.63,42,300,0,25.00 
-0.40,10.06,42,300,0,25.00 
-0.37,9.53,42,300,0,25.00 
-0.34,9.02,42,300,0,25.00 
-0.31,8.53,42,300,0,25.00 
-0.28,8.07,42,300,0,25.00 
-0.26,7.64,42,300,0,25.00 
-0.23,7.23,42,300,0,25.00 
-0.21,6.85,42,300,0,25.00 
-0.19,6.49,42,300,0,25.00 
-0.18,6.16,42,300,0,25.00 
-0.16,5.84,42,300,0,25.00 
-0.15,5.56,42,300,0,25.00 
-0.14,5.29,42,300,0,25.00 
-0.14,5.06,42,300,0,25.00 
-0.14,4.85,42,300,0,25.00 
-0.14,4.66,42,300,0,25.00 
-0.16,4.50,42,300,0,25.00 
-0.17,4.36,42,300,0,25.00 
-0.19,4.24,42,300,0,25.00 
-0.21,4.16,42,300,0,25.00 
-0.24,4.09,42,300,0,25.00 
-0.26,4.04,42,300,0,25.00 
-0.29,4.02,42,300,0,25.00 
-0.33,4.03,42,300,0,25.00 
-0.36,4.06,42,300,0,25.00 
-0.40,4.11,42,300,0,25.00 
-0.44,4.18,42,300,0,25.00 
-0.49,4.29,42,300,0,25.00 
-0.54,4.42,42,300,0,25.00 
-0.59,4.57,42,300,0,25.00 
-0.64,4.74,42,300,0,25.00 
-0.71,4.94,42,300,0,25.00 
-0.77,5.16,42,300,0,25.00 
-0.83,5.41,42,300,0,25.00 
-0.91,5.68,42,300,0,25.00 
-0.98,5.98,42,300,0,25.00 
-1.06,6.29,42,300,0,25.00 
-1.14,6.62,42,300,0,25.00 
-1.23,6.98,42,300,0,25.00 
-1.32,7.36,42,300,0,25.00 
-1.42,7.77,42,300,0,25.00 
-1.52,8.19,42,300,0,25.00 
-1.62,8.65,42,300,0,25.00 
-1.72,9.12,42,300,0,25.00 
-1.82,9.62,42,300,0,25.00 
-1.92,10.13,42,300,0,25.00 
-2.01,10.67,42,300,0,25.00 
-2.12,11.23,42,300,0,25.00 
-2.22,11.81,42,300,0,25.00 
-2.32,12.40,42,300,0,25.00 
-2.42,13.02,42,300,0,25.00 
-2.52,13.66,42,300,0,25.00 
-2.62,14.32,42,300,0,25.00 
-2.71,15.01,42,300,0,25.00 
-2.81,15.71,42,300,0,25.00 
-2.90,16.41,42,300,0,25.00 
-3.00,17.13,42,300,0,25.00 
-3.10,17.85,42,300,0,25.00 
-3.20,18.58,42,300,0,25.00 
-3.32,19.31,42,300,0,25.00 
-3.44,20.03,42,300,0,25.00 
-3.57,20.76,42,300,0,25.00 
-3.69,21.49,42,300,0,25.00 
-3.82,22.21,42,300,0,25.00 
-3.95,22.94,42,300,0,25.00 
-4.07,23.65,42,300,0,25.00 
-4.19,24.35,42,300,0,25.00 
-4.31,25.05,42,300,0,25.00 
-4.42,25.75,42,300,0,25.00 
-4.52,26.43,42,300,0,25.00 
-4.62,27.10,42,300,0,25.00 
-4.71,27.76,42,300,0,25.00 
-4.81,28.40,42,300,0,25.00 
-4.93,29.03,42,300,0,25.00 
-5.09,29.64,42,300,0,25.00 
-5.23,30.23,42,300,0,25.00 
-5.36,30.80,42,300,0,25.00 
-5.46,31.34,42,300,0,25.00 
-5.53,31.87,42,300,0,25.00 
-5.61,32.38,42,300,0,25.00 
-5.68,32.85,42,300,0,25.00 
-5.76,33.31,42,300,0,25.00 
-5.81,33.73,42,300,0,25.00 
-5.85,34.12,42,300,0,25.00 
-5.87,34.48,42,300,0,25.00 
-5.90,34.82,42,300,0,25.00 
-5.92,35.11,42,300,0,25.00 
-5.93,35.38,42,300,0,25.00 
-5.93,35.62,42,300,0,25.00 
-5.93,35.84,42,300,0,25.00 
-5.91,36.02,42,300,0,25.00 
-5.90,36.17,42,300,0,25.00 
-5.87,36.29,42,300,0,25.00 
-5.84,36.38,42,300,0,25.00 
-5.78,36.45,42,300,0,25.00 
-5.73,36.47,42,300,0,25.00 
-5.67,36.47,42,300,0,25.00 
-5.59,36.44,42,300,0,25.00 
-5.51,36.36,42,300,0,25.00 
-5.42,36.26,42,300,0,25.00 
-5.30,36.14,42,300,0,25.00 
-5.18,35.99,42,300,0,25.00 
-5.04,35.81,42,300,0,25.00 
-4.90,35.59,42,300,0,25.00 
-4.76,35.35,42,300,0,25.00 
-4.61,35.08,42,300,0,25.00 
-4.45,34.79,42,300,0,25.00 
-4.30,34.47,42,300,0,25.00 
-4.15,34.11,42,300,0,25.00 
-4.02,33.74,42,300,0,25.00 
-3.89,33.34,42,300,0,25.00 
-3.78,32.92,42,300,0,25.00 
-3.67,32.46,42,300,0,25.00 
-3.56,31.98,42,300,0,25.00 
-3.45,31.48,42,300,0,25.00 
-3.35,30.99,42,300,0,25.00 
-3.19,30.46,42,300,0,25.00 
-2.98,29.91,42,300,0,25.00 
-2.78,29.34,42,300,0,25.00 
-2.60,28.76,42,300,0,25.00 
-2.43,28.17,42,300,0,25.00 
-2.27,27.55,42,300,0,25.00 
-2.10,26.93,42,300,0,25.00 
-1.90,26.29,42,300,0,25.00 
-1.70,25.65,42,300,0,25.00 
-1.50,24.99,42,300,0,25.00 
-1.32,24.35,42,300,0,25.00 
-1.15,23.69,42,300,0,25.00 
-0.98,23.03,42,300,0,25.00 
-0.79,22.37,42,300,0,25.00 
-0.62,21.71,42,300,0,25.00 
-0.45,21.04,42,300,0,25.00 
-0.30,20.39,42,300,0,25.00 
-0.15,19.73,42,300,0,25.00 
0.00,19.08,42,300,0,25.00 
0.15,18.44,42,300,0,25.00 
0.29,17.80,42,300,0,25.00 
0.42,17.16,42,300,0,25.00 
0.54,16.53,42,300,0,25.00 
0.67,15.91,42,300,0,25.00 
0.78,15.30,42,300,0,25.00 
0.88,14.70,42,300,0,25.00 
0.98,14.12,42,300,0,25.00 
1.08,13.55,42,300,0,25.00 
1.15,12.99,42,300,0,25.00 
1.23,12.45,42,300,0,25.00 
1.31,11.94,42,300,0,25.00 
1.38,11.43,42,300,0,25.00 
1.45,10.95,42,300,0,25.00 
1.50,10.49,42,300,0,25.00 
1.54,10.05,42,300,0,25.00 
1.58,9.64,42,300,0,25.00 
1.61,9.25,42,300,0,25.00 
1.63,8.89,42,300,0,25.00 
1.65,8.55,42,300,0,25.00 
1.66,8.24,42,300,0,25.00 
1.66,7.94,42,300,0,25.00 
1.65,7.67,42,300,0,25.00 
1.64,7.43,42,300,0,25.00 
1.62,7.21,42,300,0,25.00 
1.60,7.03,42,300,0,25.00 
1.57,6.88,42,300,0,25.00 
1.54,6.75,42,300,0,25.00 
1.50,6.64,42,300,0,25.00 
1.46,6.57,42,300,0,25.00 
1.41,6.51,42,300,0,25.00 
1.35,6.47,42,300,0,25.00 
1.29,6.46,42,300,0,25.00 
1.22,6.47,42,300,0,25.00 
1.15,6.50,42,300,0,25.00 
1.07,6.55,42,300,0,25.00 
0.97,6.64,42,300,0,25.00 
0.87,6.73,42,300,0,25.00 
0.76,6.85,42,300,0,25.00 
0.64,7.00,42,300,0,25.00 
0.52,7.17,42,300,0,25.00 
0.40,7.37,42,300,0,25.00 
0.27,7.58,42,300,0,25.00 
0.15,7.83,42,300,0,25.00 
0.03,8.09,42,300,0,25.00 
-0.10,8.38,42,300,0,25.00 
-0.24,8.69,42,300,0,25.00 
-0.37,9.03,42,300,0,25.00 
-0.51,9.39,42,300,0,25.00 
-0.64,9.78,42,300,0,25.00 
-0.78,10.19,42,300,0,25.00 
-0.91,10.62,42,300,0,25.00 
-1.04,11.08,42,300,0,25.00 
-1.18,11.55,42,300,0,25.00 
-1.31,12.05,42,300,0,25.00 
-1.44,12.57,42,300,0,25.00 
-1.58,13.10,42,300,0,25.00 
-1.71,13.65,42,300,0,25.00 
-1.86,14.23,42,300,0,25.00 
-2.00,14.83,42,300,0,25.00 
-2.15,15.44,42,300,0,25.00 
-2.32,16.05,42,300,0,25.00 
-2.50,16.67,42,300,0,25.00 
-2.68,17.30,42,300,0,25.00 
-2.87,17.93,42,300,0,25.00 
-3.05,18.57,42,300,0,25.00 
-3.23,19.20,42,300,0,25.00 
-3.42,19.84,42,300,0,25.00 
-3.62,20.47,42,300,0,25.00 
-3.81,21.11,42,300,0,25.00 
-4.01,21.75,42,300,0,25.00 
-4.20,22.38,42,300,0,25.00 
-4.39,23.01,42,300,0,25.00 
-4.57,23.64,42,300,0,25.00 
-4.75,24.25,42,300,0,25.00 
-4.91,24.86,42,300,0,25.00 
-5.05,25.47,42,300,0,25.00 
-5.19,26.06,42,300,0,25.00 
-5.32,26.65,42,300,0,25.00 
-5.49,27.22,42,300,0,25.00 
-5.69,27.78,42,300,0,25.00 
-5.86,28.33,42,300,0,25.00 
-6.01,28.85,42,300,0,25.00 
-6.13,29.36,42,300,0,25.00 
-6.26,29.85,42,300,0,25.00 
-6.38,30.33,42,300,0,25.00 
-6.49,30.78,42,300,0,25.00 
-6.58,31.21,42,300,0,25.00 
-6.67,31.63,42,300,0,25.00 
-6.75,32.01,42,300,0,25.00 
-6.82,32.37,42,300,0,25.00 
-6.88,32.71,42,300,0,25.00 
-6.93,33.02,42,300,0,25.00 
-6.97,33.31,42,300,0,25.00 
-7.00,33.57,42,300,0,25.00 
-7.02,33.80,42,300,0,25.00 
-7.04,34.01,42,300,0,25.00 
-7.04,34.19,42,300,0,25.00 
-7.03,34.34,42,300,0,25.00 
-7.01,34.45,42,300,0,25.00 
-7.00,34.55,42,300,0,25.00 
-6.98,34.61,42,300,0,25.00 
-6.96,34.64,42,300,0,25.00 
-6.92,34.64,42,300,0,25.00 
-6.89,34.61,42,300,0,25.00 
-6.85,34.56,42,300,0,25.00 
-6.80,34.48,42,300,0,25.00 
-6.75,34.36,42,300,0,25.00 
-6.69,34.20,42,300,0,25.00 
-6.63,34.03,42,300,0,25.00 
-6.57,33.82,42,300,0,25.00 
-6.49,33.59,42,300,0,25.00 
-6.40,33.32,42,300,0,25.00 
-6.31,33.03,42,300,0,25.00 
-6.21,32.71,42,300,0,25.00 
-6.09,32.37,42,300,0,25.00 
-5.95,32.01,42,300,0,25.00 
-5.82,31.61,42,300,0,25.00 
-5.66,31.20,42,300,0,25.00 
-5.50,30.76,42,300,0,25.00 
-5.33,30.31,42,300,0,25.00 
-5.15,29.84,42,300,0,25.00 
-4.97,29.35,42,300,0,25.00 
-4.78,28.85,42,300,0,25.00 
-4.58,28.34,42,300,0,25.00 
-4.41,27.80,42,300,0,25.00 
-4.23,27.25,42,300,0,25.00 
-4.07,26.69,42,300,0,25.00 
-3.92,26.11,42,300,0,25.00 
-3.78,25.54,42,300,0,25.00 
-3.65,24.95,42,300,0,25.00 
-3.54,24.35,42,300,0,25.00 
-3.45,23.76,42,300,0,25.00 
-3.36,23.14,42,300,0,25.00 
-3.26,22.54,42,300,0,25.00 
-3.13,21.92,42,300,0,25.00 
-2.99,21.32,42,300,0,25.00 
-2.85,20.71,42,300,0,25.00 
-2.68,20.11,42,300,0,25.00 
-2.53,19.50,42,300,0,25.00 
-2.39,18.89,42,300,0,25.00 
-2.23,18.29,42,300,0,25.00 
-2.08,17.68,42,300,0,25.00 
-1.94,17.10,42,300,0,25.00 
-1.81,16.52,42,300,0,25.00 
-1.67,15.94,42,300,0,25.00 
-1.55,15.38,42,300,0,25.00 
-1.44,14.83,42,300,0,25.00 
-1.33,14.29,42,300,0,25.00 
-1.22,13.76,42,300,0,25.00 
-1.11,13.25,42,300,0,25.00 
-1.02,12.76,42,300,0,25.00 
-0.92,12.28,42,300,0,25.00 
-0.82,11.82,42,300,0,25.00 
-0.73,11.38,42,300,0,25.00 
-0.64,10.97,42,300,0,25.00 
-0.55,10.57,42,300,0,25.00 
-0.47,10.19,42,300,0,25.00 
-0.38,9.83,42,300,0,25.00 
-0.29,9.50,42,300,0,25.00 
-0.21,9.19,42,300,0,25.00 
-0.13,8.90,42,300,0,25.00 
-0.06,8.64,42,300,0,25.00 
0.02,8.40,42,300,0,25.00 
0.09,8.19,42,300,0,25.00 
0.16,8.00,42,300,0,25.00 
0.23,7.84,42,300,0,25.00 
0.29,7.69,42,300,0,25.00 
0.35,7.58,42,300,0,25.00 
0.41,7.48,42,300,0,25.00 
0.47,7.40,42,300,0,25.00 
0.53,7.35,42,300,0,25.00 
0.58,7.32,42,300,0,25.00 
0.62,7.31,42,300,0,25.00 
0.67,7.33,42,300,0,25.00 
0.71,7.37,42,300,0,25.00 
0.74,7.43,42,300,0,25.00 
0.77,7.53,42,300,0,25.00 
0.79,7.63,42,300,0,25.00 
0.82,7.77,42,300,0,25.00 
0.83,7.92,42,300,0,25.00 
0.84,8.11,42,300,0,25.00 
0.85,8.30,42,300,0,25.00 
0.86,8.53,42,300,0,25.00 
0.86,8.77,42,300,0,25.00 
0.86,9.03,42,300,0,25.00 
0.84,9.32,42,300,0,25.00 
0.83,9.63,42,300,0,25.00 
0.81,9.97,42,300,0,25.00 
0.79,10.32,42,300,0,25.00 
0.76,10.69,42,300,0,25.00 
0.73,11.08,42,300,0,25.00 
0.68,11.49,42,300,0,25.00 
0.63,11.92,42,300,0,25.00 
0.59,12.36,42,300,0,25.00 
0.53,12.83,42,300,0,25.00 
0.47,13.31,42,300,0,25.00 
0.40,13.81,42,300,0,25.00 
0.32,14.31,42,300,0,25.00 
0.25,14.84,42,300,0,25.00 
0.16,15.36,42,300,0,25.00 
0.07,15.90,42,300,0,25.00 
-0.02,16.45,42,300,0,25.00 
-0.11,17.01,42,300,0,25.00 
-0.21,17.57,42,300,0,25.00 
-0.31,18.14,42,300,0,25.00 
-0.41,18.71,42,300,0,25.00 
-0.52,19.29,42,300,0,25.00 
-0.64,19.87,42,300,0,25.00 
-0.77,20.45,42,300,0,25.00 
-0.89,21.03,42,300,0,25.00 
-1.02,21.61,42,300,0,25.00 
-1.15,22.19,42,300,0,25.00 
-1.28,22.76,42,300,0,25.00 
-1.42,23.33,42,300,0,25.00 
-1.56,23.89,42,300,0,25.00 
-1.69,24.45,42,300,0,25.00 
-1.82,24.99,42,300,0,25.00 
-1.96,25.54,42,300,0,25.00 
-2.09,26.06,42,300,0,25.00 
-2.22,26.58,42,300,0,25.00 
-2.34,27.09,42,300,0,25.00 
-2.47,27.58,42,300,0,25.00 
-2.59,28.06,42,300,0,25.00 
-2.71,28.51,42,300,0,25.00 
-2.83,28.96,42,300,0,25.00 
-2.96,29.39,42,300,0,25.00 
-3.08,29.80,42,300,0,25.00 
-3.20,30.18,42,300,0,25.00 
-3.33,30.54,42,300,0,25.00 
-3.46,30.88,42,300,0,25.00 
-3.59,31.20,42,300,0,25.00 
-3.72,31.49,42,300,0,25.00 
-3.84,31.77,42,300,0,25.00 
-3.96,32.03,42,300,0,25.00 
-4.07,32.25,42,300,0,25.00 
-4.18,32.45,42,300,0,25.00 
-4.27,32.62,42,300,0,25.00 
-4.34,32.77,42,300,0,25.00 
-4.42,32.89,42,300,0,25.00 
-4.48,32.98,42,300,0,25.00 
-4.55,33.05,42,300,0,25.00 
-4.64,33.10,42,300,0,25.00 
-4.74,33.11,42,300,0,25.00 
-4.84,33.10,42,300,0,25.00 
-4.90,33.06,42,300,0,25.00 
-4.96,33.00,42,300,0,25.00 
-5.00,32.90,42,300,0,25.00 
-5.03,32.78,42,300,0,25.00 
-5.05,32.63,42,300,0,25.00 
-5.06,32.46,42,300,0,25.00 
-5.06,32.25,42,300,0,25.00 
-5.05,32.03,42,300,0,25.00 
-5.01,31.78,42,300,0,25.00 
-4.98,31.50,42,300,0,25.00 
-4.93,31.20,42,300,0,25.00 
-4.87,30.87,42,300,0,25.00 
-4.80,30.53,42,300,0,25.00 
-4.72,30.17,42,300,0,25.00 
-4.63,29.79,42,300,0,25.00 
-4.53,29.39,42,300,0,25.00 
-4.44,28.98,42,300,0,25.00 
-4.33,28.54,42,300,0,25.00 
-4.23,28.09,42,300,0,25.00 
-4.12,27.62,42,300,0,25.00 
-4.01,27.15,42,300,0,25.00 
-3.91,26.66,42,300,0,25.00 
-3.81,26.15,42,300,0,25.00 
-3.71,25.64,42,300,0,25.00 
-3.62,25.11,42,300,0,25.00 
-3.55,24.58,42,300,0,25.00 
-3.48,24.04,42,300,0,25.00 
-3.41,23.50,42,300,0,25.00 
-3.35,22.95,42,300,0,25.00 
-3.31,22.39,42,300,0,25.00 
-3.27,21.83,42,300,0,25.00 
-3.23,21.28,42,300,0,25.00 
-3.19,20.71,42,300,0,25.00 
-3.14,20.15,42,300,0,25.00 
-3.08,19.59,42,300,0,25.00 
-3.03,19.03,42,300,0,25.00 
-2.98,18.47,42,300,0,25.00 
-2.91,17.93,42,300,0,25.00 
-2.86,17.38,42,300,0,25.00 
-2.81,16.85,42,300,0,25.00 
-2.77,16.32,42,300,0,25.00 
-2.73,15.80,42,300,0,25.00 
-2.70,15.27,42,300,0,25.00 
-2.67,14.77,42,300,0,25.00 
-2.63,14.28,42,300,0,25.00 
-2.59,13.81,42,300,0,25.00 
-2.55,13.35,42,300,0,25.00 
-2.51,12.92,42,300,0,25.00 
-2.47,12.51,42,300,0,25.00 
-2.43,12.12,42,300,0,25.00 
-2.39,11.75,42,300,0,25.00 
-2.34,11.40,42,300,0,25.00 
-2.30,11.08,42,300,0,25.00 
-2.26,10.78,42,300,0,25.00 
-2.21,10.48,42,300,0,25.00 
-2.17,10.21,42,300,0,25.00 
-2.12,9.97,42,300,0,25.00 
-2.08,9.76,42,300,0,25.00 
-2.03,9.58,42,300,0,25.00 
-1.97,9.41,42,300,0,25.00 
-1.90,9.27,42,300,0,25.00 
-1.84,9.16,42,300,0,25.00 
-1.77,9.06,42,300,0,25.00 
-1.70,9.00,42,300,0,25.00 
-1.63,8.95,42,300,0,25.00 
-1.54,8.93,42,300,0,25.00 
-1.46,8.94,42,300,0,25.00 
-1.38,8.96,42,300,0,25.00 
-1.30,9.01,42,300,0,25.00 
-1.23,9.08,42,300,0,25.00 
-1.16,9.17,42,300,0,25.00 
-1.09,9.29,42,300,0,25.00 
-1.01,9.43,42,300,0,25.00 
-0.94,9.58,42,300,0,25.00 
-0.87,9.76,42,300,0,25.00 
-0.79,9.96,42,300,0,25.00 
-0.73,10.18,42,300,0,25.00 
-0.66,10.42,42,300,0,25.00 
-0.59,10.69,42,300,0,25.00 
-0.52,10.96,42,300,0,25.00 
-0.46,11.26,42,300,0,25.00 
-0.39,11.59,42,300,0,25.00 
-0.32,11.93,42,300,0,25.00 
-0.25,12.29,42,300,0,25.00 
-0.18,12.66,42,300,0,25.00 
-0.12,13.05,42,300,0,25.00 
-0.06,13.45,42,300,0,25.00 
-0.01,13.88,42,300,0,25.00 
0.04,14.32,42,300,0,25.00 
0.08,14.77,42,300,0,25.00 
0.13,15.23,42,300,0,25.00 
0.17,15.70,42,300,0,25.00 
0.20,16.19,42,300,0,25.00 
0.24,16.68,42,300,0,25.00 
0.28,17.18,42,300,0,25.00 
0.30,17.68,42,300,0,25.00 
0.31,18.18,42,300,0,25.00 
0.33,18.70,42,300,0,25.00 
0.34,19.22,42,300,0,25.00 
0.34,19.74,42,300,0,25.00 
0.33,20.25,42,300,0,25.00 
0.33,20.77,42,300,0,25.00 
0.31,21.29,42,300,0,25.00 
0.29,21.81,42,300,0,25.00 
0.27,22.33,42,300,0,25.00 
0.25,22.84,42,300,0,25.00 
0.22,23.35,42,300,0,25.00 
0.18,23.85,42,300,0,25.00 
0.14,24.35,42,300,0,25.00 
0.09,24.84,42,300,0,25.00 
0.04,25.34,42,300,0,25.00 
-0.01,25.82,42,300,0,25.00 
-0.08,26.29,42,300,0,25.00 
-0.13,26.74,42,300,0,25.00 
-0.20,27.19,42,300,0,25.00 
-0.26,27.61,42,300,0,25.00 
-0.33,28.02,42,300,0,25.00 
-0.40,28.42,42,300,0,25.00 
-0.47,28.80,42,300,0,25.00 
-0.54,29.16,42,300,0,25.00 
-0.61,29.49,42,300,0,25.00 
-0.69,29.82,42,300,0,25.00 
-0.76,30.11,42,300,0,25.00 
-0.84,30.38,42,300,0,25.00 
-0.91,30.63,42,300,0,25.00 
-0.99,30.86,42,300,0,25.00 
-1.06,31.06,42,300,0,25.00 
-1.13,31.23,42,300,0,25.00 
-1.20,31.39,42,300,0,25.00 
-1.26,31.52,42,300,0,25.00 
-1.32,31.63,42,300,0,25.00 
-1.39,31.72,42,300,0,25.00 
-1.46,31.79,42,300,0,25.00 
-1.52,31.84,42,300,0,25.00 
-1.59,31.86,42,300,0,25.00 
-1.66,31.86,42,300,0,25.00 
-1.72,31.84,42,300,0,25.00 
-1.79,31.80,42,300,0,25.00 
-1.86,31.75,42,300,0,25.00 
-1.93,31.68,42,300,0,25.00 
-2.00,31.58,42,300,0,25.00 
-2.07,31.47,42,300,0,25.00 
-2.13,31.33,42,300,0,25.00 
-2.20,31.17,42,300,0,25.00 
-2.27,31.01,42,300,0,25.00 
-2.34,30.82,42,300,0,25.00 
-2.41,30.62,42,300,0,25.00 
-2.48,30.39,42,300,0,25.00 
-2.55,30.15,42,300,0,25.00 
-2.61,29.88,42,300,0,25.00 
-2.68,29.60,42,300,0,25.00 
-2.74,29.29,42,300,0,25.00 
-2.81,28.97,42,300,0,25.00 
-2.88,28.63,42,300,0,25.00 
-2.96,28.28,42,300,0,25.00 
-3.03,27.91,42,300,0,25.00 
-3.10,27.53,42,300,0,25.00 
-3.17,27.13,42,300,0,25.00 
-3.24,26.72,42,300,0,25.00 
-3.31,26.30,42,300,0,25.00 
-3.38,25.87,42,300,0,25.00 
-3.45,25.42,42,300,0,25.00 
-3.52,24.97,42,300,0,25.00 
-3.61,24.51,42,300,0,25.00 
-3.67,24.04,42,300,0,25.00 
-3.74,23.57,42,300,0,25.00 
-3.80,23.09,42,300,0,25.00 
-3.85,22.61,42,300,0,25.00 
-3.91,22.12,42,300,0,25.00 
-3.96,21.63,42,300,0,25.00 
-4.01,21.14,42,300,0,25.00 
-4.07,20.65,42,300,0,25.00 
-4.12,20.15,42,300,0,25.00 
-4.19,19.66,42,300,0,25.00 
-4.26,19.18,42,300,0,25.00 
-4.33,18.70,42,300,0,25.00 
-4.38,18.22,42,300,0,25.00 
-4.40,17.75,42,300,0,25.00 
-4.41,17.28,42,300,0,25.00 
-4.41,16.83,42,300,0,25.00 
-4.41,16.40,42,300,0,25.00 
-4.41,15.96,42,300,0,25.00 
-4.39,15.55,42,300,0,25.00 
-4.37,15.14,42,300,0,25.00 
-4.34,14.75,42,300,0,25.00 
-4.30,14.38,42,300,0,25.00 
-4.26,14.02,42,300,0,25.00 
-4.21,13.66,42,300,0,25.00 
-4.16,13.32,42,300,0,25.00 
-4.09,13.00,42,300,0,25.00 
-4.03,12.70,42,300,0,25.00 
-3.97,12.42,42,300,0,25.00 
-3.90,12.16,42,300,0,25.00 
-3.82,11.93,42,300,0,25.00 
-3.73,11.71,42,300,0,25.00 
-3.65,11.51,42,300,0,25.00 
-3.57,11.33,42,300,0,25.00 
-3.49,11.17,42,300,0,25.00 
-3.40,11.03,42,300,0,25.00 
-3.31,10.91,42,300,0,25.00 
-3.23,10.81,42,300,0,25.00 
-3.15,10.73,42,300,0,25.00 
-3.07,10.67,42,300,0,25.00 
-3.00,10.64,42,300,0,25.00 
-2.93,10.63,42,300,0,25.00 
-2.86,10.64,42,300,0,25.00 
-2.80,10.69,42,300,0,25.00 
-2.74,10.76,42,300,0,25.00 
-2.67,10.85,42,300,0,25.00 
-2.61,10.97,42,300,0,25.00 
-2.53,11.08,42,300,0,25.00 
-2.46,11.22,42,300,0,25.00 
-2.38,11.39,42,300,0,25.00 
-2.26,11.57,42,300,0,25.00 
-2.14,11.77,42,300,0,25.00 
-2.04,12.00,42,300,0,25.00 
-1.93,12.25,42,300,0,25.00 
-1.85,12.52,42,300,0,25.00 
-1.76,12.82,42,300,0,25.00 
-1.65,13.13,42,300,0,25.00 
-1.54,13.45,42,300,0,25.00 
-1.44,13.80,42,300,0,25.00 
-1.34,14.17,42,300,0,25.00 
-1.26,14.54,42,300,0,25.00 
-1.19,14.93,42,300,0,25.00 
-1.11,15.32,42,300,0,25.00 
-1.03,15.73,42,300,0,25.00 
-0.97,16.14,42,300,0,25.00 
-0.91,16.56,42,300,0,25.00 
-0.87,16.99,42,300,0,25.00 
-0.82,17.42,42,300,0,25.00 
-0.77,17.86,42,300,0,25.00 
-0.74,18.30,42,300,0,25.00 
-0.71,18.75,42,300,0,25.00 
-0.68,19.22,42,300,0,25.00 
-0.66,19.68,42,300,0,25.00 
-0.64,20.14,42,300,0,25.00 
-0.63,20.60,42,300,0,25.00 
-0.62,21.06,42,300,0,25.00 
-0.61,21.52,42,300,0,25.00 
-0.61,21.98,42,300,0,25.00 
-0.61,22.43,42,300,0,25.00 
-0.61,22.88,42,300,0,25.00 
-0.61,23.32,42,300,0,25.00 
-0.62,23.76,42,300,0,25.00 
-0.63,24.21,42,300,0,25.00 
-0.63,24.63,42,300,0,25.00 
-0.63,25.05,42,300,0,25.00 
-0.64,25.46,42,300,0,25.00 
-0.64,25.87,42,300,0,25.00 
-0.64,26.28,42,300,0,25.00 
-0.64,26.66,42,300,0,25.00 
-0.65,27.02,42,300,0,25.00 
-0.64,27.38,42,300,0,25.00 
-0.64,27.72,42,300,0,25.00 
-0.64,28.04,42,300,0,25.00 
-0.63,28.35,42,300,0,25.00 
-0.62,28.64,42,300,0,25.00 
-0.62,28.92,42,300,0,25.00 
-0.62,29.18,42,300,0,25.00 
-0.61,29.41,42,300,0,25.00 
-0.60,29.63,42,300,0,25.00 
-0.60,29.82,42,300,0,25.00 
-0.59,29.99,42,300,0,25.00 
-0.57,30.14,42,300,0,25.00 
-0.56,30.27,42,300,0,25.00 
-0.55,30.37,42,300,0,25.00 
-0.55,30.45,42,300,0,25.00 
-0.55,30.51,42,300,0,25.00 
-0.53,30.55,42,300,0,25.00 
-0.53,30.57,42,300,0,25.00 
-0.52,30.57,42,300,0,25.00 
-0.51,30.55,42,300,0,25.00 
-0.50,30.51,42,300,0,25.00 
-0.49,30.45,42,300,0,25.00 
-0.48,30.36,42,300,0,25.00 
-0.47,30.27,42,300,0,25.00 
-0.46,30.15,42,300,0,25.00 
-0.45,30.01,42,300,0,25.00 
-0.45,29.85,42,300,0,25.00 
-0.45,29.67,42,300,0,25.00 
-0.44,29.47,42,300,0,25.00 
-0.44,29.24,42,300,0,25.00 
-0.45,28.99,42,300,0,25.00 
-0.45,28.74,42,300,0,25.00 
-0.45,28.47,42,300,0,25.00 
-0.45,28.19,42,300,0,25.00 
-0.46,27.89,42,300,0,25.00 
-0.45,27.58,42,300,0,25.00 
-0.47,27.25,42,300,0,25.00 
-0.47,26.91,42,300,0,25.00 
-0.48,26.54,42,300,0,25.00 
-0.49,26.17,42,300,0,25.00 
-0.51,25.79,42,300,0,25.00 
-0.52,25.40,42,300,0,25.00 
-0.53,25.00,42,300,0,25.00 
-0.54,24.60,42,300,0,25.00 
-0.56,24.19,42,300,0,25.00 
-0.57,23.78,42,300,0,25.00 
-0.59,23.37,42,300,0,25.00 
-0.60,22.95,42,300,0,25.00 
-0.61,22.53,42,300,0,25.00 
-0.63,22.11,42,300,0,25.00 
-0.66,21.69,42,300,0,25.00 
-0.68,21.27,42,300,0,25.00 
-0.71,20.84,42,300,0,25.00 
-0.74,20.42,42,300,0,25.00 
-0.77,20.00,42,300,0,25.00 
-0.81,19.58,42,300,0,25.00 
-0.85,19.16,42,300,0,25.00 
-0.89,18.74,42,300,0,25.00 
-0.94,18.33,42,300,0,25.00 
-1.00,17.93,42,300,0,25.00 
-1.07,17.53,42,300,0,25.00 
-1.14,17.14,42,300,0,25.00 
-1.21,16.76,42,300,0,25.00 
-1.28,16.39,42,300,0,25.00 
-1.36,16.03,42,300,0,25.00 
-1.45,15.67,42,300,0,25.00 
-1.55,15.33,42,300,0,25.00 
-1.66,15.00,42,300,0,25.00 
-1.78,14.68,42,300,0,25.00 
-1.90,14.36,42,300,0,25.00 
-2.04,14.07,42,300,0,25.00 
-2.17,13.79,42,300,0,25.00 
-2.31,13.53,42,300,0,25.00 
-2.44,13.30,42,300,0,25.00 
-2.57,13.09,42,300,0,25.00 
-2.70,12.89,42,300,0,25.00 
-2.83,12.71,42,300,0,25.00 
-2.95,12.56,42,300,0,25.00 
-3.07,12.42,42,300,0,25.00 
-3.19,12.30,42,300,0,25.00 
-3.30,12.20,42,300,0,25.00 
-3.41,12.11,42,300,0,25.00 
-3.51,12.04,42,300,0,25.00 
-3.61,12.00,42,300,0,25.00 
-3.70,11.98,42,300,0,25.00 
-3.78,11.98,42,300,0,25.00 
-3.85,12.00,42,300,0,25.00 
-3.91,12.03,42,300,0,25.00 
-3.97,12.08,42,300,0,25.00 
-4.01,12.16,42,300,0,25.00 
-4.06,12.25,42,300,0,25.00 
-4.09,12.36,42,300,0,25.00 
-4.12,12.49,42,300,0,25.00 
-4.14,12.64,42,300,0,25.00 
-4.17,12.80,42,300,0,25.00 
-4.22,12.99,42,300,0,25.00 
-4.28,13.18,42,300,0,25.00 
-4.36,13.40,42,300,0,25.00 
-4.41,13.63,42,300,0,25.00 
-4.46,13.88,42,300,0,25.00 
-4.49,14.15,42,300,0,25.00 
-4.50,14.42,42,300,0,25.00 
-4.51,14.71,42,300,0,25.00 
-4.52,15.02,42,300,0,25.00 
-4.54,15.34,42,300,0,25.00 
-4.55,15.66,42,300,0,25.00 
-4.54,15.99,42,300,0,25.00 
-4.53,16.35,42,300,0,25.00 
-4.50,16.71,42,300,0,25.00 
-4.47,17.08,42,300,0,25.00 
-4.42,17.46,42,300,0,25.00 
-4.38,17.85,42,300,0,25.00 
-4.32,18.24,42,300,0,25.00 
-4.25,18.64,42,300,0,25.00 
-4.17,19.05,42,300,0,25.00 
-4.08,19.46,42,300,0,25.00 
-4.00,19.87,42,300,0,25.00 
-3.92,20.28,42,300,0,25.00 
-3.84,20.70,42,300,0,25.00 
-3.77,21.11,42,300,0,25.00 
-3.70,21.52,42,300,0,25.00 
-3.64,21.92,42,300,0,25.00 
-3.60,22.32,42,300,0,25.00 
-3.55,22.71,42,300,0,25.00 
-3.51,23.08,42,300,0,25.00 
-3.48,23.47,42,300,0,25.00 
-3.46,23.84,42,300,0,25.00 
-3.44,24.21,42,300,0,25.00 
-3.43,24.57,42,300,0,25.00 
-3.43,24.92,42,300,0,25.00 
-3.42,25.25,42,300,0,25.00 
-3.42,25.58,42,300,0,25.00 
-3.40,25.89,42,300,0,25.00 
-3.39,26.20,42,300,0,25.00 
-3.35,26.49,42,300,0,25.00 
-3.31,26.78,42,300,0,25.00 
-3.28,27.05,42,300,0,25.00 
-3.24,27.31,42,300,0,25.00 
-3.22,27.55,42,300,0,25.00 
-3.21,27.77,42,300,0,25.00 
-3.19,27.98,42,300,0,25.00 
-3.17,28.17,42,300,0,25.00 
-3.14,28.35,42,300,0,25.00 
-3.11,28.51,42,300,0,25.00 
-3.08,28.66,42,300,0,25.00 
-3.06,28.79,42,300,0,25.00 
-3.03,28.89,42,300,0,25.00 
-3.01,28.98,42,300,0,25.00 
-2.99,29.05,42,300,0,25.00 
-2.96,29.11,42,300,0,25.00 
-2.93,29.15,42,300,0,25.00 
-2.90,29.17,42,300,0,25.00 
-2.87,29.18,42,300,0,25.00 
-2.84,29.16,42,300,0,25.00 
-2.81,29.13,42,300,0,25.00 
-2.78,29.07,42,300,0,25.00 
-2.75,29.00,42,300,0,25.00 
-2.73,28.91,42,300,0,25.00 
-2.70,28.80,42,300,0,25.00 
-2.67,28.68,42,300,0,25.00 
-2.65,28.55,42,300,0,25.00 
-2.62,28.39,42,300,0,25.00 
-2.60,28.22,42,300,0,25.00 
-2.56,28.03,42,300,0,25.00 
-2.51,27.82,42,300,0,25.00 
-2.46,27.60,42,300,0,25.00 
-2.41,27.37,42,300,0,25.00 
-2.38,27.13,42,300,0,25.00 
-2.32,26.87,42,300,0,25.00 
-2.27,26.59,42,300,0,25.00 
-2.21,26.31,42,300,0,25.00 
-2.15,26.01,42,300,0,25.00 
-2.09,25.70,42,300,0,25.00 
-2.04,25.39,42,300,0,25.00 
-1.98,25.07,42,300,0,25.00 
-1.92,24.75,42,300,0,25.00 
-1.84,24.41,42,300,0,25.00 
-1.78,24.08,42,300,0,25.00 
-1.71,23.74,42,300,0,25.00 
-1.65,23.39,42,300,0,25.00 
-1.57,23.03,42,300,0,25.00 
-1.50,22.68,42,300,0,25.00 
-1.43,22.32,42,300,0,25.00 
-1.36,21.96,42,300,0,25.00 
-1.30,21.59,42,300,0,25.00 
-1.23,21.23,42,300,0,25.00 
-1.16,20.87,42,300,0,25.00 
-1.10,20.50,42,300,0,25.00 
-1.04,20.15,42,300,0,25.00 
-0.99,19.79,42,300,0,25.00 
-0.94,19.44,42,300,0,25.00 
-0.90,19.08,42,300,0,25.00 
-0.87,18.73,42,300,0,25.00 
-0.84,18.39,42,300,0,25.00 
-0.81,18.05,42,300,0,25.00 
-0.79,17.72,42,300,0,25.00 
-0.78,17.39,42,300,0,25.00 
-0.76,17.07,42,300,0,25.00 
-0.76,16.76,42,300,0,25.00 
-0.75,16.46,42,300,0,25.00 
-0.75,16.17,42,300,0,25.00 
-0.74,15.89,42,300,0,25.00 
-0.75,15.62,42,300,0,25.00 
-0.75,15.36,42,300,0,25.00 
-0.76,15.11,42,300,0,25.00 
-0.78,14.87,42,300,0,25.00 
-0.80,14.64,42,300,0,25.00 
-0.82,14.42,42,300,0,25.00 
-0.85,14.22,42,300,0,25.00 
-0.88,14.02,42,300,0,25.00 
-0.92,13.84,42,300,0,25.00 
-0.96,13.68,42,300,0,25.00 
-1.00,13.53,42,300,0,25.00 
-1.05,13.40,42,300,0,25.00 
-1.10,13.28,42,300,0,25.00 
-1.15,13.17,42,300,0,25.00 
-1.22,13.08,42,300,0,25.00 
-1.28,13.01,42,300,0,25.00 
-1.34,12.95,42,300,0,25.00 
-1.41,12.93,42,300,0,25.00 
-1.48,12.91,42,300,0,25.00 
-1.55,12.92,42,300,0,25.00 
-1.62,12.95,42,300,0,25.00 
-1.69,12.99,42,300,0,25.00 
-1.76,13.06,42,300,0,25.00 
-1.84,13.15,42,300,0,25.00 
-1.92,13.25,42,300,0,25.00 
-2.00,13.37,42,300,0,25.00 
-2.07,13.51,42,300,0,25.00 
-2.15,13.67,42,300,0,25.00 
-2.24,13.85,42,300,0,25.00 
-2.32,14.04,42,300,0,25.00 
-2.39,14.25,42,300,0,25.00 
-2.48,14.49,42,300,0,25.00 
-2.57,14.73,42,300,0,25.00 
-2.66,15.00,42,300,0,25.00 
-2.75,15.28,42,300,0,25.00 
-2.84,15.57,42,300,0,25.00 
-2.92,15.86,42,300,0,25.00 
-3.01,16.17,42,300,0,25.00 
-3.09,16.48,42,300,0,25.00 
-3.18,16.79,42,300,0,25.00 
-3.28,17.12,42,300,0,25.00 
-3.37,17.45,42,300,0,25.00 
-3.47,17.78,42,300,0,25.00 
-3.58,18.12,42,300,0,25.00 
-3.69,18.47,42,300,0,25.00 
-3.79,18.81,42,300,0,25.00 
-3.89,19.16,42,300,0,25.00 
-3.99,19.50,42,300,0,25.00 
-4.08,19.84,42,300,0,25.00 
-4.16,20.19,42,300,0,25.00 
-4.24,20.53,42,300,0,25.00 
-4.32,20.87,42,300,0,25.00 
-4.39,21.22,42,300,0,25.00 
-4.46,21.56,42,300,0,25.00 
-4.52,21.89,42,300,0,25.00 
-4.60,22.23,42,300,0,25.00 
-4.71,22.57,42,300,0,25.00 
-4.82,22.89,42,300,0,25.00 
-4.92,23.20,42,300,0,25.00 
-4.99,23.51,42,300,0,25.00 
-5.05,23.82,42,300,0,25.00 
-5.08,24.11,42,300,0,25.00 
-5.11,24.40,42,300,0,25.00 
-5.15,24.69,42,300,0,25.00 
-5.17,24.96,42,300,0,25.00 
-5.18,25.23,42,300,0,25.00 
-5.17,25.48,42,300,0,25.00 
-5.14,25.73,42,300,0,25.00 
-5.11,25.97,42,300,0,25.00 
-5.07,26.19,42,300,0,25.00 
-5.02,26.40,42,300,0,25.00 
-4.96,26.59,42,300,0,25.00 
-4.89,26.77,42,300,0,25.00 
-4.81,26.94,42,300,0,25.00 
-4.74,27.10,42,300,0,25.00 
-4.66,27.23,42,300,0,25.00 
-4.57,27.36,42,300,0,25.00 
-4.48,27.46,42,300,0,25.00 
-4.38,27.56,42,300,0,25.00 
-4.29,27.64,42,300,0,25.00 
-4.19,27.71,42,300,0,25.00 
-4.10,27.77,42,300,0,25.00 
-4.01,27.80,42,300,0,25.00 
-3.93,27.83,42,300,0,25.00 
-3.87,27.83,42,300,0,25.00 
-3.80,27.83,42,300,0,25.00 
-3.75,27.80,42,300,0,25.00 
-3.71,27.76,42,300,0,25.00 
-3.67,27.70,42,300,0,25.00 
-3.65,27.63,42,300,0,25.00 
-3.62,27.54,42,300,0,25.00 
-3.59,27.44,42,300,0,25.00 
-3.57,27.32,42,300,0,25.00 
-3.55,27.18,42,300,0,25.00 
-3.51,27.03,42,300,0,25.00 
-3.46,26.87,42,300,0,25.00 
-3.41,26.69,42,300,0,25.00 
-3.36,26.51,42,300,0,25.00 
-3.30,26.31,42,300,0,25.00 
-3.25,26.10,42,300,0,25.00 
-3.21,25.88,42,300,0,25.00 
-3.16,25.66,42,300,0,25.00 
-3.11,25.41,42,300,0,25.00 
-3.07,25.17,42,300,0,25.00 
-3.02,24.92,42,300,0,25.00 
-2.97,24.66,42,300,0,25.00 
-2.92,24.40,42,300,0,25.00 
-2.88,24.13,42,300,0,25.00 
-2.84,23.85,42,300,0,25.00 
-2.79,23.57,42,300,0,25.00 
-2.74,23.29,42,300,0,25.00 
-2.69,23.00,42,300,0,25.00 
-2.64,22.70,42,300,0,25.00 
-2.59,22.39,42,300,0,25.00 
-2.53,22.09,42,300,0,25.00 
-2.48,21.78,42,300,0,25.00 
-2.43,21.47,42,300,0,25.00 
-2.39,21.15,42,300,0,25.00 
-2.34,20.84,42,300,0,25.00 
-2.30,20.53,42,300,0,25.00 
-2.26,20.21,42,300,0,25.00 
-2.21,19.90,42,300,0,25.00 
-2.17,19.59,42,300,0,25.00 
-2.13,19.29,42,300,0,25.00 
-2.09,18.98,42,300,0,25.00 
-2.05,18.68,42,300,0,25.00 
-2.02,18.39,42,300,0,25.00 
-1.98,18.10,42,300,0,25.00 
-1.95,17.81,42,300,0,25.00 
-1.91,17.53,42,300,0,25.00 
-1.88,17.26,42,300,0,25.00 
-1.87,17.00,42,300,0,25.00 
-1.85,16.74,42,300,0,25.00 
-1.85,16.49,42,300,0,25.00 
-1.86,16.25,42,300,0,25.00 
-1.88,16.02,42,300,0,25.00 
-1.90,15.80,42,300,0,25.00 
-1.92,15.59,42,300,0,25.00 
-1.96,15.39,42,300,0,25.00 
-2.00,15.20,42,300,0,25.00 
-2.05,15.02,42,300,0,25.00 
-2.12,14.84,42,300,0,25.00 
-2.19,14.68,42,300,0,25.00 
-2.26,14.54,42,300,0,25.00 
-2.36,14.41,42,300,0,25.00 
-2.45,14.29,42,300,0,25.00 
-2.55,14.19,42,300,0,25.00 
-2.66,14.11,42,300,0,25.00 
-2.75,14.05,42,300,0,25.00 
-2.84,14.01,42,300,0,25.00 
-2.92,13.99,42,300,0,25.00 
-3.01,14.00,42,300,0,25.00 
-3.08,14.02,42,300,0,25.00 
-3.15,14.06,42,300,0,25.00 
-3.21,14.12,42,300,0,25.00 
-3.27,14.20,42,300,0,25.00 
-3.33,14.29,42,300,0,25.00 
-3.37,14.41,42,300,0,25.00 
-3.41,14.54,42,300,0,25.00 
-3.44,14.69,42,300,0,25.00 
-3.46,14.85,42,300,0,25.00 
-3.48,15.03,42,300,0,25.00 
-3.48,15.23,42,300,0,25.00 
-3.48,15.44,42,300,0,25.00 
-3.47,15.67,42,300,0,25.00 
-3.46,15.89,42,300,0,25.00 
-3.44,16.14,42,300,0,25.00 
-3.42,16.40,42,300,0,25.00 
-3.40,16.67,42,300,0,25.00 
-3.39,16.94,42,300,0,25.00 
-3.37,17.22,42,300,0,25.00 
-3.36,17.50,42,300,0,25.00 
-3.36,17.79,42,300,0,25.00 
-3.35,18.08,42,300,0,25.00 
-3.36,18.37,42,300,0,25.00 
-3.38,18.67,42,300,0,25.00 
-3.39,18.97,42,300,0,25.00 
-3.41,19.28,42,300,0,25.00 
-3.44,19.59,42,300,0,25.00 
-3.47,19.89,42,300,0,25.00 
-3.51,20.19,42,300,0,25.00 
-3.55,20.49,42,300,0,25.00 
-3.59,20.79,42,300,0,25.00 
-3.64,21.08,42,300,0,25.00 
-3.68,21.38,42,300,0,25.00 
-3.73,21.67,42,300,0,25.00 
-3.78,21.96,42,300,0,25.00 
-3.82,22.24,42,300,0,25.00 
-3.87,22.51,42,300,0,25.00 
-3.92,22.78,42,300,0,25.00 
-3.98,23.05,42,300,0,25.00 
-4.03,23.31,42,300,0,25.00 
-4.08,23.57,42,300,0,25.00 
-4.13,23.81,42,300,0,25.00 
-4.18,24.05,42,300,0,25.00 
-4.24,24.27,42,300,0,25.00 
-4.30,24.49,42,300,0,25.00 
-4.36,24.69,42,300,0,25.00 
-4.43,24.89,42,300,0,25.00 
-4.51,25.09,42,300,0,25.00 
-4.59,25.27,42,300,0,25.00 
-4.67,25.46,42,300,0,25.00 
-4.72,25.62,42,300,0,25.00 
-4.77,25.78,42,300,0,25.00 
-4.81,25.93,42,300,0,25.00 
-4.85,26.06,42,300,0,25.00 
-4.88,26.18,42,300,0,25.00 
-4.90,26.29,42,300,0,25.00 
-4.91,26.39,42,300,0,25.00 
-4.91,26.47,42,300,0,25.00 
-4.90,26.55,42,300,0,25.00 
-4.88,26.61,42,300,0,25.00 
-4.86,26.65,42,300,0,25.00 
-4.83,26.68,42,300,0,25.00 
-4.78,26.70,42,300,0,25.00 
-4.74,26.71,42,300,0,25.00 
-4.68,26.70,42,300,0,25.00 
-4.63,26.69,42,300,0,25.00 
-4.56,26.66,42,300,0,25.00 
-4.50,26.61,42,300,0,25.00 
-4.43,26.56,42,300,0,25.00 
-4.37,26.49,42,300,0,25.00 
-4.30,26.40,42,300,0,25.00 
-4.22,26.30,42,300,0,25.00 
-4.14,26.19,42,300,0,25.00 
-4.07,26.07,42,300,0,25.00 
-3.99,25.94,42,300,0,25.00 
-3.93,25.80,42,300,0,25.00 
-3.87,25.65,42,300,0,25.00 
-3.81,25.49,42,300,0,25.00 
-3.77,25.32,42,300,0,25.00 
-3.72,25.14,42,300,0,25.00 
-3.68,24.95,42,300,0,25.00 
-3.65,24.76,42,300,0,25.00 
-3.62,24.56,42,300,0,25.00 
-3.61,24.34,42,300,0,25.00 
-3.59,24.13,42,300,0,25.00 
-3.58,23.92,42,300,0,25.00 
-3.57,23.69,42,300,0,25.00 
-3.56,23.46,42,300,0,25.00 
-3.55,23.23,42,300,0,25.00 
-3.54,22.98,42,300,0,25.00 
-3.54,22.73,42,300,0,25.00 
-3.53,22.47,42,300,0,25.00 
-3.52,22.21,42,300,0,25.00 
-3.51,21.95,42,300,0,25.00 
-3.50,21.68,42,300,0,25.00 
-3.50,21.41,42,300,0,25.00 
-3.50,21.15,42,300,0,25.00 
-3.50,20.88,42,300,0,25.00 
-3.51,20.62,42,300,0,25.00 
-3.53,20.35,42,300,0,25.00 
-3.55,20.08,42,300,0,25.00 
-3.57,19.81,42,300,0,25.00 
-3.59,19.54,42,300,0,25.00 
-3.62,19.29,42,300,0,25.00 
-3.66,19.02,42,300,0,25.00 
-3.69,18.75,42,300,0,25.00 
-3.73,18.49,42,300,0,25.00 
-3.76,18.23,42,300,0,25.00 
-3.79,17.98,42,300,0,25.00 
-3.83,17.73,42,300,0,25.00 
-3.86,17.49,42,300,0,25.00 
-3.89,17.26,42,300,0,25.00 
-3.92,17.04,42,300,0,25.00 
-3.94,16.82,42,300,0,25.00 
-3.96,16.62,42,300,0,25.00 
-3.96,16.44,42,300,0,25.00 
-3.96,16.27,42,300,0,25.00 
-3.94,16.10,42,300,0,25.00 
-3.91,15.96,42,300,0,25.00 
-3.88,15.83,42,300,0,25.00 
-3.85,15.70,42,300,0,25.00 
-3.82,15.59,42,300,0,25.00 
-3.77,15.51,42,300,0,25.00 
-3.73,15.44,42,300,0,25.00 
-3.69,15.37,42,300,0,25.00 
-3.64,15.32,42,300,0,25.00 
-3.59,15.29,42,300,0,25.00 
-3.53,15.27,42,300,0,25.00 
-3.47,15.26,42,300,0,25.00 
-3.40,15.28,42,300,0,25.00 
-3.34,15.31,42,300,0,25.00 
-3.27,15.34,42,300,0,25.00 
-3.19,15.39,42,300,0,25.00 
-3.11,15.45,42,300,0,25.00 
-3.02,15.52,42,300,0,25.00 
-2.92,15.60,42,300,0,25.00 
-2.81,15.68,42,300,0,25.00 
-2.70,15.78,42,300,0,25.00 
-2.59,15.88,42,300,0,25.00 
-2.48,16.00,42,300,0,25.00 
-2.38,16.12,42,300,0,25.00 
-2.28,16.24,42,300,0,25.00 
-2.17,16.38,42,300,0,25.00 
-2.08,16.52,42,300,0,25.00 
-2.00,16.67,42,300,0,25.00 
-1.92,16.82,42,300,0,25.00 
-1.85,16.99,42,300,0,25.00 
-1.78,17.16,42,300,0,25.00 
-1.73,17.34,42,300,0,25.00 
-1.68,17.52,42,300,0,25.00 
-1.64,17.71,42,300,0,25.00 
-1.60,17.90,42,300,0,25.00 
-1.56,18.10,42,300,0,25.00 
-1.53,18.31,42,300,0,25.00 
-1.51,18.52,42,300,0,25.00 
-1.48,18.73,42,300,0,25.00 
-1.46,18.95,42,300,0,25.00 
-1.44,19.17,42,300,0,25.00 
-1.43,19.39,42,300,0,25.00 
-1.41,19.61,42,300,0,25.00 
-1.40,19.84,42,300,0,25.00 
-1.39,20.06,42,300,0,25.00 
-1.38,20.28,42,300,0,25.00 
-1.37,20.51,42,300,0,25.00 
-1.37,20.74,42,300,0,25.00 
-1.37,20.97,42,300,0,25.00 
-1.38,21.18,42,300,0,25.00 
-1.39,21.40,42,300,0,25.00 
-1.39,21.62,42,300,0,25.00 
-1.40,21.84,42,300,0,25.00 
-1.42,22.05,42,300,0,25.00 
-1.43,22.26,42,300,0,25.00 
-1.45,22.47,42,300,0,25.00 
-1.47,22.67,42,300,0,25.00 
-1.49,22.87,42,300,0,25.00 
-1.51,23.06,42,300,0,25.00 
-1.52,23.26,42,300,0,25.00 
-1.53,23.44,42,300,0,25.00 
-1.55,23.62,42,300,0,25.00 
-1.56,23.78,42,300,0,25.00 
-1.58,23.95,42,300,0,25.00 
-1.60,24.10,42,300,0,25.00 
-1.62,24.25,42,300,0,25.00 
-1.62,24.40,42,300,0,25.00 
-1.64,24.53,42,300,0,25.00 
-1.65,24.66,42,300,0,25.00 
-1.66,24.77,42,300,0,25.00 
-1.66,24.88,42,300,0,25.00 
-1.67,24.99,42,300,0,25.00 
-1.67,25.08,42,300,0,25.00 
-1.66,25.17,42,300,0,25.00 
-1.66,25.25,42,300,0,25.00 
-1.66,25.33,42,300,0,25.00 
-1.64,25.39,42,300,0,25.00 
-1.63,25.44,42,300,0,25.00 
-1.62,25.48,42,300,0,25.00 
-1.60,25.51,42,300,0,25.00 
-1.58,25.55,42,300,0,25.00 
-1.56,25.57,42,300,0,25.00 
-1.54,25.58,42,300,0,25.00 
-1.51,25.58,42,300,0,25.00 
-1.48,25.57,42,300,0,25.00 
-1.45,25.55,42,300,0,25.00 
-1.41,25.52,42,300,0,25.00 
-1.37,25.49,42,300,0,25.00 
-1.32,25.46,42,300,0,25.00 
-1.28,25.41,42,300,0,25.00 
-1.22,25.35,42,300,0,25.00 
-1.17,25.28,42,300,0,25.00 
-1.12,25.20,42,300,0,25.00 
-1.07,25.12,42,300,0,25.00 
-1.02,25.04,42,300,0,25.00 
-0.97,24.94,42,300,0,25.00 
-0.91,24.83,42,300,0,25.00 
-0.86,24.72,42,300,0,25.00 
-0.80,24.61,42,300,0,25.00 
-0.74,24.50,42,300,0,25.00 
-0.68,24.38,42,300,0,25.00 
-0.63,24.24,42,300,0,25.00 
-0.57,24.10,42,300,0,25.00 
-0.52,23.96,42,300,0,25.00 
-0.46,23.82,42,300,0,25.00 
-0.41,23.68,42,300,0,25.00 
-0.37,23.52,42,300,0,25.00 
-0.33,23.36,42,300,0,25.00 
-0.30,23.21,42,300,0,25.00 
-0.27,23.05,42,300,0,25.00 
-0.25,22.88,42,300,0,25.00 
-0.23,22.71,42,300,0,25.00 
-0.22,22.55,42,300,0,25.00 
-0.21,22.38,42,300,0,25.00 
-0.21,22.21,42,300,0,25.00 
-0.20,22.04,42,300,0,25.00 
-0.21,21.87,42,300,0,25.00 
-0.22,21.70,42,300,0,25.00 
-0.24,21.53,42,300,0,25.00 
-0.26,21.36,42,300,0,25.00 
-0.28,21.18,42,300,0,25.00 
-0.31,21.01,42,300,0,25.00 
-0.35,20.83,42,300,0,25.00 
-0.39,20.66,42,300,0,25.00 
-0.45,20.49,42,300,0,25.00 
-0.50,20.32,42,300,0,25.00 
-0.55,20.15,42,300,0,25.00 
-0.62,19.99,42,300,0,25.00 
-0.67,19.83,42,300,0,25.00 
-0.74,19.67,42,300,0,25.00 
-0.82,19.51,42,300,0,25.00 
-0.90,19.35,42,300,0,25.00 
-0.98,19.19,42,300,0,25.00 
-1.07,19.04,42,300,0,25.00 
-1.16,18.88,42,300,0,25.00 
-1.26,18.74,42,300,0,25.00 
-1.36,18.59,42,300,0,25.00 
-1.46,18.45,42,300,0,25.00 
-1.57,18.32,42,300,0,25.00 
-1.68,18.20,42,300,0,25.00 
-1.79,18.08,42,300,0,25.00 
-1.89,17.97,42,300,0,25.00 
-2.01,17.86,42,300,0,25.00 
-2.13,17.77,42,300,0,25.00 
-2.25,17.67,42,300,0,25.00 
-2.37,17.58,42,300,0,25.00 
-2.49,17.49,42,300,0,25.00 
-2.61,17.41,42,300,0,25.00 
-2.73,17.33,42,300,0,25.00 
-2.86,17.26,42,300,0,25.00 
-3.00,17.19,42,300,0,25.00 
-3.14,17.13,42,300,0,25.00 
-3.28,17.07,42,300,0,25.00 
-3.42,17.03,42,300,0,25.00 
-3.56,16.98,42,300,0,25.00 
-3.70,16.94,42,300,0,25.00 
-3.82,16.91,42,300,0,25.00 
-3.94,16.90,42,300,0,25.00 
-4.05,16.89,42,300,0,25.00 
-4.14,16.89,42,300,0,25.00 
-4.21,16.91,42,300,0,25.00 
-4.26,16.93,42,300,0,25.00 
-4.31,16.98,42,300,0,25.00 
-4.33,17.02,42,300,0,25.00 
-4.36,17.08,42,300,0,25.00 
-4.37,17.15,42,300,0,25.00 
-4.39,17.24,42,300,0,25.00 
-4.43,17.34,42,300,0,25.00 
-4.47,17.45,42,300,0,25.00 
-4.50,17.55,42,300,0,25.00 
-4.52,17.68,42,300,0,25.00 
-4.52,17.81,42,300,0,25.00 
-4.50,17.96,42,300,0,25.00 
-4.47,18.11,42,300,0,25.00 
-4.43,18.26,42,300,0,25.00 
-4.37,18.42,42,300,0,25.00 
-4.32,18.58,42,300,0,25.00 
-4.27,18.75,42,300,0,25.00 
-4.22,18.93,42,300,0,25.00 
-4.15,19.11,42,300,0,25.00 
-4.08,19.29,42,300,0,25.00 
-4.01,19.47,42,300,0,25.00 
-3.93,19.66,42,300,0,25.00 
-3.85,19.84,42,300,0,25.00 
-3.78,20.02,42,300,0,25.00 
-3.70,20.20,42,300,0,25.00 
-3.64,20.39,42,300,0,25.00 
-3.58,20.57,42,300,0,25.00 
-3.53,20.76,42,300,0,25.00 
-3.50,20.95,42,300,0,25.00 
-3.45,21.13,42,300,0,25.00 
-3.42,21.30,42,300,0,25.00 
-3.39,21.48,42,300,0,25.00 
-3.38,21.65,42,300,0,25.00 
-3.36,21.81,42,300,0,25.00 
-3.36,21.99,42,300,0,25.00 
-3.35,22.14,42,300,0,25.00 
-3.36,22.29,42,300,0,25.00 
-3.36,22.44,42,300,0,25.00 
-3.35,22.58,42,300,0,25.00 
-3.35,22.72,42,300,0,25.00 
-3.33,22.84,42,300,0,25.00 
-3.31,22.98,42,300,0,25.00 
-3.30,23.10,42,300,0,25.00 
-3.30,23.21,42,300,0,25.00 
-3.29,23.32,42,300,0,25.00 
-3.30,23.42,42,300,0,25.00 
-3.32,23.52,42,300,0,25.00 
-3.33,23.61,42,300,0,25.00 
-3.34,23.68,42,300,0,25.00 
-3.37,23.75,42,300,0,25.00 
-3.38,23.81,42,300,0,25.00 
-3.40,23.87,42,300,0,25.00 
-3.42,23.92,42,300,0,25.00 
-3.45,23.97,42,300,0,25.00 
-3.47,24.00,42,300,0,25.00 
-3.50,24.03,42,300,0,25.00 
-3.54,24.06,42,300,0,25.00 
-3.57,24.07,42,300,0,25.00 
-3.60,24.08,42,300,0,25.00 
-3.64,24.09,42,300,0,25.00 
-3.69,24.09,42,300,0,25.00 
-3.73,24.08,42,300,0,25.00 
-3.77,24.05,42,300,0,25.00 
-3.82,24.02,42,300,0,25.00 
-3.87,23.99,42,300,0,25.00 
-3.90,23.94,42,300,0,25.00 
-3.94,23.90,42,300,0,25.00 
-3.98,23.85,42,300,0,25.00 
-4.02,23.79,42,300,0,25.00 
-4.07,23.73,42,300,0,25.00 
-4.11,23.65,42,300,0,25.00 
-4.15,23.57,42,300,0,25.00 
-4.19,23.49,42,300,0,25.00 
-4.24,23.38,42,300,0,25.00 
-4.29,23.28,42,300,0,25.00 
-4.35,23.17,42,300,0,25.00 
-4.42,23.06,42,300,0,25.00 
-4.48,22.94,42,300,0,25.00 
-4.53,22.81,42,300,0,25.00 
-4.56,22.68,42,300,0,25.00 
-4.58,22.56,42,300,0,25.00 
-4.60,22.43,42,300,0,25.00 
-4.62,22.28,42,300,0,25.00 
-4.63,22.14,42,300,0,25.00 
-4.63,22.00,42,300,0,25.00 
-4.62,21.85,42,300,0,25.00 
-4.60,21.69,42,300,0,25.00 
-4.58,21.54,42,300,0,25.00 
-4.55,21.39,42,300,0,25.00 
-4.51,21.23,42,300,0,25.00 
-4.47,21.06,42,300,0,25.00 
-4.41,20.90,42,300,0,25.00 
-4.35,20.74,42,300,0,25.00 
-4.29,20.58,42,300,0,25.00 
-4.22,20.42,42,300,0,25.00 
-4.15,20.26,42,300,0,25.00 
-4.08,20.10,42,300,0,25.00 
-4.00,19.94,42,300,0,25.00 
-3.93,19.79,42,300,0,25.00 
-3.87,19.64,42,300,0,25.00 
-3.80,19.48,42,300,0,25.00 
-3.74,19.33,42,300,0,25.00 
-3.69,19.17,42,300,0,25.00 
-3.63,19.03,42,300,0,25.00 
-3.59,18.88,42,300,0,25.00 
-3.54,18.73,42,300,0,25.00 
-3.50,18.58,42,300,0,25.00 
-3.46,18.44,42,300,0,25.00 
-3.42,18.31,42,300,0,25.00 
-3.39,18.18,42,300,0,25.00 
-3.37,18.05,42,300,0,25.00 
-3.35,17.93,42,300,0,25.00 
-3.34,17.82,42,300,0,25.00 
-3.33,17.71,42,300,0,25.00 
-3.33,17.61,42,300,0,25.00 
-3.33,17.51,42,300,0,25.00 
-3.32,17.42,42,300,0,25.00 
-3.31,17.34,42,300,0,25.00 
-3.30,17.25,42,300,0,25.00 
-3.30,17.18,42,300,0,25.00 
-3.29,17.11,42,300,0,25.00 
-3.28,17.06,42,300,0,25.00 
-3.28,17.01,42,300,0,25.00 
-3.28,16.96,42,300,0,25.00 
-3.28,16.93,42,300,0,25.00 
-3.29,16.89,42,300,0,25.00 
-3.31,16.87,42,300,0,25.00 
-3.32,16.86,42,300,0,25.00 
-3.33,16.86,42,300,0,25.00 
-3.36,16.87,42,300,0,25.00 
-3.37,16.88,42,300,0,25.00 
-3.39,16.91,42,300,0,25.00 
-3.40,16.94,42,300,0,25.00 
-3.43,16.98,42,300,0,25.00 
-3.45,17.02,42,300,0,25.00 
-3.47,17.08,42,300,0,25.00 
-3.49,17.14,42,300,0,25.00 
-3.51,17.21,42,300,0,25.00 
-3.52,17.28,42,300,0,25.00 
-3.54,17.36,42,300,0,25.00 
-3.57,17.45,42,300,0,25.00 
-3.59,17.54,42,300,0,25.00 
-3.61,17.63,42,300,0,25.00 
-3.63,17.74,42,300,0,25.00 
-3.64,17.84,42,300,0,25.00 
-3.66,17.96,42,300,0,25.00 
-3.69,18.09,42,300,0,25.00 
-3.71,18.22,42,300,0,25.00 
-3.74,18.36,42,300,0,25.00 
-3.76,18.49,42,300,0,25.00 
-3.77,18.63,42,300,0,25.00 
-3.79,18.77,42,300,0,25.00 
-3.81,18.91,42,300,0,25.00 
-3.82,19.07,42,300,0,25.00 
-3.84,19.22,42,300,0,25.00 
-3.87,19.36,42,300,0,25.00 
-3.89,19.52,42,300,0,25.00 
-3.91,19.67,42,300,0,25.00 
-3.93,19.83,42,300,0,25.00 
-3.95,19.97,42,300,0,25.00 
-3.97,20.12,42,300,0,25.00 
-4.00,20.28,42,300,0,25.00 
-4.02,20.43,42,300,0,25.00 
-4.05,20.58,42,300,0,25.00 
-4.07,20.73,42,300,0,25.00 
-4.10,20.88,42,300,0,25.00 
-4.14,21.03,42,300,0,25.00 
-4.17,21.18,42,300,0,25.00 
-4.20,21.32,42,300,0,25.00 
-4.22,21.46,42,300,0,25.00 
-4.25,21.59,42,300,0,25.00 
-4.27,21.72,42,300,0,25.00 
-4.28,21.86,42,300,0,25.00 
-4.29,21.99,42,300,0,25.00 
-4.29,22.11,42,300,0,25.00 
-4.29,22.23,42,300,0,25.00 
-4.30,22.33,42,300,0,25.00 
-4.29,22.44,42,300,0,25.00 
-4.29,22.55,42,300,0,25.00 
-4.28,22.64,42,300,0,25.00 
-4.27,22.74,42,300,0,25.00 
-4.26,22.83,42,300,0,25.00 
-4.25,22.92,42,300,0,25.00 
-4.24,23.00,42,300,0,25.00 
-4.23,23.08,42,300,0,25.00 
-4.20,23.15,42,300,0,25.00 
-4.19,23.21,42,300,0,25.00 
-4.17,23.27,42,300,0,25.00 
-4.17,23.32,42,300,0,25.00 
-4.15,23.37,42,300,0,25.00 
-4.14,23.41,42,300,0,25.00 
-4.14,23.45,42,300,0,25.00 
-4.12,23.47,42,300,0,25.00 
-4.11,23.48,42,300,0,25.00 
-4.11,23.49,42,300,0,25.00 
-4.10,23.49,42,300,0,25.00 
-4.10,23.49,42,300,0,25.00 
-4.10,23.47,42,300,0,25.00 
-4.10,23.45,42,300,0,25.00 
-4.09,23.42,42,300,0,25.00 
-4.09,23.38,42,300,0,25.00 
-4.09,23.33,42,300,0,25.00 
-4.10,23.28,42,300,0,25.00 
-4.11,23.23,42,300,0,25.00 
-4.12,23.16,42,300,0,25.00 
-4.13,23.09,42,300,0,25.00 
-4.14,23.02,42,300,0,25.00 
-4.14,22.94,42,300,0,25.00 
-4.14,22.86,42,300,0,25.00 
-4.16,22.77,42,300,0,25.00 
-4.17,22.66,42,300,0,25.00 
-4.18,22.57,42,300,0,25.00 
-4.18,22.46,42,300,0,25.00 
-4.20,22.36,42,300,0,25.00 
-4.20,22.25,42,300,0,25.00 
-4.21,22.12,42,300,0,25.00 
-4.22,22.01,42,300,0,25.00 
-4.21,21.89,42,300,0,25.00 
-4.21,21.77,42,300,0,25.00 
-4.20,21.64,42,300,0,25.00 
-4.19,21.52,42,300,0,25.00 
-4.19,21.40,42,300,0,25.00 
-4.18,21.26,42,300,0,25.00 
-4.16,21.13,42,300,0,25.00 
-4.15,21.00,42,300,0,25.00 
-4.13,20.86,42,300,0,25.00 
-4.11,20.72,42,300,0,25.00 
-4.09,20.58,42,300,0,25.00 
-4.07,20.45,42,300,0,25.00 
-4.05,20.32,42,300,0,25.00 
-4.03,20.18,42,300,0,25.00 
-4.01,20.05,42,300,0,25.00 
-3.99,19.93,42,300,0,25.00 
-3.97,19.80,42,300,0,25.00 
-3.95,19.67,42,300,0,25.00 
-3.93,19.55,42,300,0,25.00 
-3.92,19.42,42,300,0,25.00 
-3.91,19.29,42,300,0,25.00 
-3.90,19.17,42,300,0,25.00 
-3.88,19.05,42,300,0,25.00 
-3.87,18.93,42,300,0,25.00 
-3.85,18.80,42,300,0,25.00 
-3.84,18.69,42,300,0,25.00 
-3.83,18.58,42,300,0,25.00 
-3.81,18.48,42,300,0,25.00 
-3.80,18.38,42,300,0,25.00 
-3.78,18.29,42,300,0,25.00 
-3.76,18.20,42,300,0,25.00 
-3.74,18.11,42,300,0,25.00 
-3.73,18.03,42,300,0,25.00 
-3.70,17.95,42,300,0,25.00 
-3.68,17.88,42,300,0,25.00 
-3.66,17.82,42,300,0,25.00 
-3.63,17.77,42,300,0,25.00 
-3.61,17.73,42,300,0,25.00 
-3.59,17.69,42,300,0,25.00 
-3.57,17.66,42,300,0,25.00 
-3.55,17.64,42,300,0,25.00 
-3.53,17.62,42,300,0,25.00 
-3.52,17.62,42,300,0,25.00 
-3.50,17.61,42,300,0,25.00 
-3.49,17.62,42,300,0,25.00 
-3.48,17.63,42,300,0,25.00 
-3.47,17.65,42,300,0,25.00 
-3.46,17.67,42,300,0,25.00 
-3.46,17.71,42,300,0,25.00 
-3.47,17.76,42,300,0,25.00 
-3.47,17.80,42,300,0,25.00 
-3.47,17.86,42,300,0,25.00 
-3.47,17.92,42,300,0,25.00 
-3.48,17.99,42,300,0,25.00 
-3.49,18.06,42,300,0,25.00 
-3.50,18.14,42,300,0,25.00 
-3.51,18.22,42,300,0,25.00 
-3.53,18.31,42,300,0,25.00 
-3.55,18.39,42,300,0,25.00 
-3.57,18.48,42,300,0,25.00 
-3.59,18.57,42,300,0,25.00 
-3.61,18.67,42,300,0,25.00 
-3.63,18.77,42,300,0,25.00 
-3.66,18.87,42,300,0,25.00 
-3.69,18.97,42,300,0,25.00 
-3.71,19.09,42,300,0,25.00 
-3.74,19.20,42,300,0,25.00 
-3.77,19.31,42,300,0,25.00 
-3.80,19.41,42,300,0,25.00 
-3.83,19.52,42,300,0,25.00 
-3.86,19.63,42,300,0,25.00 
-3.89,19.74,42,300,0,25.00 
-3.93,19.85,42,300,0,25.00 
-3.97,19.95,42,300,0,25.00 
-4.01,20.06,42,300,0,25.00 
-4.05,20.17,42,300,0,25.00 
-4.08,20.28,42,300,0,25.00 
-4.11,20.38,42,300,0,25.00 
-4.14,20.49,42,300,0,25.00 
-4.18,20.60,42,300,0,25.00 
-4.22,20.71,42,300,0,25.00 
-4.26,20.82,42,300,0,25.00 
-4.30,20.93,42,300,0,25.00 
-4.33,21.03,42,300,0,25.00 
-4.36,21.13,42,300,0,25.00 
-4.38,21.23,42,300,0,25.00 
-4.39,21.33,42,300,0,25.00 
-4.40,21.42,42,300,0,25.00 
-4.41,21.51,42,300,0,25.00 
-4.41,21.60,42,300,0,25.00 
-4.40,21.69,42,300,0,25.00 
-4.39,21.77,42,300,0,25.00 
-4.38,21.85,42,300,0,25.00 
-4.37,21.93,42,300,0,25.00 
-4.35,22.01,42,300,0,25.00 
-4.33,22.07,42,300,0,25.00 
-4.30,22.15,42,300,0,25.00 
-4.27,22.21,42,300,0,25.00 
-4.23,22.27,42,300,0,25.00 
-4.20,22.32,42,300,0,25.00 
-4.16,22.37,42,300,0,25.00 
-4.12,22.42,42,300,0,25.00 
-4.08,22.45,42,300,0,25.00 
-4.05,22.49,42,300,0,25.00 
-4.02,22.53,42,300,0,25.00 
-3.98,22.55,42,300,0,25.00 
-3.95,22.56,42,300,0,25.00 
-3.92,22.57,42,300,0,25.00 
-3.90,22.58,42,300,0,25.00 
-3.88,22.59,42,300,0,25.00 
-3.86,22.58,42,300,0,25.00 
-3.84,22.58,42,300,0,25.00 
-3.83,22.57,42,300,0,25.00 
-3.82,22.55,42,300,0,25.00 
-3.82,22.53,42,300,0,25.00 
-3.81,22.51,42,300,0,25.00 
-3.81,22.47,42,300,0,25.00 
-3.81,22.43,42,300,0,25.00 
-3.81,22.39,42,300,0,25.00 
-3.81,22.35,42,300,0,25.00 
-3.82,22.29,42,300,0,25.00 
-3.83,22.23,42,300,0,25.00 
-3.83,22.17,42,300,0,25.00 
-3.85,22.11,42,300,0,25.00 
-3.86,22.04,42,300,0,25.00 
-3.87,21.97,42,300,0,25.00 
-3.89,21.89,42,300,0,25.00 
-3.91,21.82,42,300,0,25.00 
-3.92,21.74,42,300,0,25.00 
-3.94,21.66,42,300,0,25.00 
-3.96,21.57,42,300,0,25.00 
-3.98,21.48,42,300,0,25.00 
-4.00,21.39,42,300,0,25.00 
-4.02,21.30,42,300,0,25.00 
-4.04,21.20,42,300,0,25.00 
-4.06,21.10,42,300,0,25.00 
-4.08,21.01,42,300,0,25.00 
-4.10,20.91,42,300,0,25.00 
-4.12,20.81,42,300,0,25.00 
-4.13,20.71,42,300,0,25.00 
-4.14,20.60,42,300,0,25.00 
-4.15,20.51,42,300,0,25.00 
-4.16,20.40,42,300,0,25.00 
-4.17,20.30,42,300,0,25.00 
-4.17,20.20,42,300,0,25.00 
-4.18,20.11,42,300,0,25.00 
-4.18,20.01,42,300,0,25.00 
-4.18,19.93,42,300,0,25.00 
-4.18,19.83,42,300,0,25.00 
-4.18,19.74,42,300,0,25.00 
-4.17,19.65,42,300,0,25.00 
-4.16,19.57,42,300,0,25.00 
-4.15,19.48,42,300,0,25.00 
-4.13,19.39,42,300,0,25.00 
-4.11,19.31,42,300,0,25.00 
-4.10,19.23,42,300,0,25.00 
-4.07,19.15,42,300,0,25.00 
-4.04,19.08,42,300,0,25.00 
-4.02,19.02,42,300,0,25.00 
-3.99,18.95,42,300,0,25.00 
-3.95,18.89,42,300,0,25.00 
-3.91,18.84,42,300,0,25.00 
-3.88,18.79,42,300,0,25.00 
-3.84,18.74,42,300,0,25.00 
-3.80,18.69,42,300,0,25.00 
-3.77,18.65,42,300,0,25.00 
-3.73,18.62,42,300,0,25.00 
-3.70,18.58,42,300,0,25.00 
-3.66,18.55,42,300,0,25.00 
-3.63,18.53,42,300,0,25.00 
-3.60,18.52,42,300,0,25.00 
-3.58,18.50,42,300,0,25.00 
-3.55,18.49,42,300,0,25.00 
-3.52,18.48,42,300,0,25.00 
-3.49,18.47,42,300,0,25.00 
-3.47,18.47,42,300,0,25.00 
-3.46,18.48,42,300,0,25.00 
-3.44,18.48,42,300,0,25.00 
-3.44,18.49,42,300,0,25.00 
-3.42,18.50,42,300,0,25.00 
-3.42,18.52,42,300,0,25.00 
-3.42,18.53,42,300,0,25.00 
-3.43,18.56,42,300,0,25.00 
-3.43,18.59,42,300,0,25.00 
-3.45,18.62,42,300,0,25.00 
-3.46,18.65,42,300,0,25.00 
-3.47,18.69,42,300,0,25.00 
-3.49,18.72,42,300,0,25.00 
-3.51,18.76,42,300,0,25.00 
-3.53,18.80,42,300,0,25.00 
-3.54,18.86,42,300,0,25.00 
-3.56,18.90,42,300,0,25.00 
-3.58,18.95,42,300,0,25.00 
-3.61,19.00,42,300,0,25.00 
-3.63,19.06,42,300,0,25.00 
-3.66,19.12,42,300,0,25.00 
-3.69,19.17,42,300,0,25.00 
-3.71,19.23,42,300,0,25.00 
-3.75,19.28,42,300,0,25.00 
-3.79,19.34,42,300,0,25.00 
-3.83,19.39,42,300,0,25.00 
-3.86,19.45,42,300,0,25.00 
-3.90,19.50,42,300,0,25.00 
-3.93,19.55,42,300,0,25.00 
-3.97,19.60,42,300,0,25.00 
-4.00,19.66,42,300,0,25.00 
-4.04,19.72,42,300,0,25.00 
-4.07,19.77,42,300,0,25.00 
-4.10,19.83,42,300,0,25.00 
-4.15,19.88,42,300,0,25.00 
-4.19,19.94,42,300,0,25.00 
-4.22,20.01,42,300,0,25.00 
-4.26,20.06,42,300,0,25.00 
-4.28,20.13,42,300,0,25.00 
-4.31,20.19,42,300,0,25.00 
-4.32,20.26,42,300,0,25.00 
-4.33,20.33,42,300,0,25.00 
-4.34,20.39,42,300,0,25.00 
-4.34,20.46,42,300,0,25.00 
-4.33,20.53,42,300,0,25.00 
-4.32,20.59,42,300,0,25.00 
-4.31,20.66,42,300,0,25.00 
-4.29,20.72,42,300,0,25.00 
-4.28,20.79,42,300,0,25.00 
-4.26,20.86,42,300,0,25.00 
-4.23,20.92,42,300,0,25.00 
-4.20,20.97,42,300,0,25.00 
-4.17,21.03,42,300,0,25.00 
-4.13,21.09,42,300,0,25.00 
-4.09,21.14,42,300,0,25.00 
-4.04,21.19,42,300,0,25.00 
-4.00,21.23,42,300,0,25.00 
-3.96,21.28,42,300,0,25.00 
-3.92,21.32,42,300,0,25.00 
-3.88,21.36,42,300,0,25.00 
-3.85,21.40,42,300,0,25.00 
-3.81,21.43,42,300,0,25.00 
-3.78,21.46,42,300,0,25.00 
-3.75,21.49,42,300,0,25.00 
-3.72,21.51,42,300,0,25.00 
-3.70,21.53,42,300,0,25.00 
-3.68,21.55,42,300,0,25.00 
-3.66,21.57,42,300,0,25.00 
-3.65,21.58,42,300,0,25.00 
-3.65,21.59,42,300,0,25.00 
-3.65,21.60,42,300,0,25.00 
-3.65,21.60,42,300,0,25.00 
-3.65,21.60,42,300,0,25.00 
-3.66,21.61,42,300,0,25.00 
-3.66,21.60,42,300,0,25.00 
-3.68,21.59,42,300,0,25.00 
-3.69,21.58,42,300,0,25.00 
-3.71,21.57,42,300,0,25.00 
-3.73,21.56,42,300,0,25.00 
-3.75,21.54,42,300,0,25.00 
-3.77,21.52,42,300,0,25.00 
-3.80,21.50,42,300,0,25.00 
-3.82,21.47,42,300,0,25.00 
-3.85,21.44,42,300,0,25.00 
-3.87,21.41,42,300,0,25.00 
-3.90,21.38,42,300,0,25.00 
-3.93,21.34,42,300,0,25.00 
-3.96,21.31,42,300,0,25.00 
-3.99,21.27,42,300,0,25.00 
-4.02,21.24,42,300,0,25.00 
-4.05,21.19,42,300,0,25.00 
-4.07,21.15,42,300,0,25.00 
-4.10,21.10,42,300,0,25.00 
-4.13,21.05,42,300,0,25.00 
-4.16,21.00,42,300,0,25.00 
-4.18,20.95,42,300,0,25.00 
-4.20,20.90,42,300,0,25.00 
-4.21,20.84,42,300,0,25.00 
-4.22,20.78,42,300,0,25.00 
-4.23,20.72,42,300,0,25.00 
-4.24,20.66,42,300,0,25.00 
-4.24,20.61,42,300,0,25.00 
-4.24,20.55,42,300,0,25.00 
-4.24,20.49,42,300,0,25.00 
-4.23,20.43,42,300,0,25.00 
-4.22,20.38,42,300,0,25.00 
-4.21,20.32,42,300,0,25.00 
-4.20,20.27,42,300,0,25.00 
-4.18,20.22,42,300,0,25.00 
-4.16,20.17,42,300,0,25.00 
-4.14,20.12,42,300,0,25.00 
-4.12,20.07,42,300,0,25.00 
-4.10,20.03,42,300,0,25.00 
-4.08,19.99,42,300,0,25.00 
-4.05,19.94,42,300,0,25.00 
-4.02,19.90,42,300,0,25.00 
-4.00,19.86,42,300,0,25.00 
-3.98,19.82,42,300,0,25.00 
-3.95,19.78,42,300,0,25.00 
-3.93,19.74,42,300,0,25.00 
-3.91,19.70,42,300,0,25.00 
-3.89,19.67,42,300,0,25.00 
-3.86,19.63,42,300,0,25.00 
-3.85,19.59,42,300,0,25.00 
-3.83,19.56,42,300,0,25.00 
-3.82,19.52,42,300,0,25.00 
-3.81,19.48,42,300,0,25.00 
-3.80,19.45,42,300,0,25.00 
-3.80,19.41,42,300,0,25.00 
-3.80,19.37,42,300,0,25.00 
-3.79,19.34,42,300,0,25.00 
-3.79,19.30,42,300,0,25.00 
-3.79,19.27,42,300,0,25.00 
-3.79,19.24,42,300,0,25.00 
-3.79,19.21,42,300,0,25.00 
-3.79,19.19,42,300,0,25.00 
-3.79,19.16,42,300,0,25.00 
-3.79,19.15,42,300,0,25.00 
-3.80,19.13,42,300,0,25.00 
-3.80,19.10,42,300,0,25.00 
-3.80,19.09,42,300,0,25.00 
-3.81,19.07,42,300,0,25.00 
-3.82,19.07,42,300,0,25.00 
-3.82,19.05,42,300,0,25.00 
-3.82,19.04,42,300,0,25.00 
-3.83,19.04,42,300,0,25.00 
-3.84,19.05,42,300,0,25.00 
-3.84,19.05,42,300,0,25.00 
-3.84,19.06,42,300,0,25.00 
-3.84,19.07,42,300,0,25.00 
-3.84,19.08,42,300,0,25.00 
-3.84,19.10,42,300,0,25.00 
-3.84,19.12,42,300,0,25.00 
-3.85,19.15,42,300,0,25.00 
-3.85,19.17,42,300,0,25.00 
-3.85,19.19,42,300,0,25.00 
-3.86,19.22,42,300,0,25.00 
-3.86,19.24,42,300,0,25.00 
-3.86,19.27,42,300,0,25.00 
-3.86,19.30,42,300,0,25.00 
-3.86,19.33,42,300,0,25.00 
-3.86,19.36,42,300,0,25.00 
-3.87,19.39,42,300,0,25.00 
-3.88,19.42,42,300,0,25.00 
-3.88,19.45,42,300,0,25.00 
-3.89,19.49,42,300,0,25.00 
-3.89,19.51,42,300,0,25.00 
-3.90,19.55,42,300,0,25.00 
-3.91,19.58,42,300,0,25.00 
-3.92,19.61,42,300,0,25.00 
-3.93,19.64,42,300,0,25.00 
-3.95,19.68,42,300,0,25.00 
-3.97,19.71,42,300,0,25.00 
-3.99,19.74,42,300,0,25.00 
-4.00,19.77,42,300,0,25.00 
-4.02,19.81,42,300,0,25.00 
-4.03,19.85,42,300,0,25.00 
-4.04,19.88,42,300,0,25.00 
-4.06,19.91,42,300,0,25.00 
-4.07,19.95,42,300,0,25.00 
-4.08,19.98,42,300,0,25.00 
-4.10,20.01,42,300,0,25.00 
-4.11,20.04,42,300,0,25.00 
-4.12,20.08,42,300,0,25.00 
-4.13,20.12,42,300,0,25.00 
-4.14,20.16,42,300,0,25.00 
-4.16,20.20,42,300,0,25.00 
-4.16,20.24,42,300,0,25.00 
-4.17,20.28,42,300,0,25.00 
-4.17,20.31,42,300,0,25.00 
-4.17,20.35,42,300,0,25.00 
-4.16,20.39,42,300,0,25.00 
-4.17,20.43,42,300,0,25.00 
-4.16,20.48,42,300,0,25.00 
-4.15,20.52,42,300,0,25.00 
-4.15,20.57,42,300,0,25.00 
-4.14,20.61,42,300,0,25.00 
-4.13,20.66,42,300,0,25.00 
-4.12,20.70,42,300,0,25.00 
-4.11,20.75,42,300,0,25.00 
-4.10,20.79,42,300,0,25.00 
-4.09,20.83,42,300,0,25.00 
-4.08,20.86,42,300,0,25.00 
-4.07,20.89,42,300,0,25.00 
-4.05,20.93,42,300,0,25.00 
-4.03,20.96,42,300,0,25.00 
-4.02,21.00,42,300,0,25.00 
-4.00,21.02,42,300,0,25.00 
-3.99,21.04,42,300,0,25.00 
-3.98,21.07,42,300,0,25.00 
-3.96,21.10,42,300,0,25.00 
-3.94,21.11,42,300,0,25.00 
-3.92,21.14,42,300,0,25.00 
-3.91,21.16,42,300,0,25.00 
-3.91,21.17,42,300,0,25.00 
-3.90,21.19,42,300,0,25.00 
-3.88,21.19,42,300,0,25.00 
-3.87,21.20,42,300,0,25.00 
-3.86,21.20,42,300,0,25.00 
-3.85,21.21,42,300,0,25.00 
-3.85,21.22,42,300,0,25.00 
-3.86,21.21,42,300,0,25.00 
-3.85,21.21,42,300,0,25.00 
-3.85,21.20,42,300,0,25.00 
-3.85,21.19,42,300,0,25.00 
-3.85,21.18,42,300,0,25.00 
-3.85,21.17,42,300,0,25.00 
-3.86,21.15,42,300,0,25.00 
-3.87,21.13,42,300,0,25.00 
-3.87,21.11,42,300,0,25.00 
-3.88,21.09,42,300,0,25.00 
-3.89,21.08,42,300,0,25.00 
-3.90,21.05,42,300,0,25.00 
-3.91,21.03,42,300,0,25.00 
-3.93,21.00,42,300,0,25.00 
-3.94,20.97,42,300,0,25.00 
-3.95,20.93,42,300,0,25.00 
-3.96,20.90,42,300,0,25.00 
-3.97,20.87,42,300,0,25.00 
-3.98,20.83,42,300,0,25.00 
-3.99,20.80,42,300,0,25.00 
-4.01,20.78,42,300,0,25.00 
-4.02,20.74,42,300,0,25.00 
-4.03,20.69,42,300,0,25.00 
-4.05,20.65,42,300,0,25.00 
-4.06,20.61,42,300,0,25.00 
-4.07,20.58,42,300,0,25.00 
-4.09,20.54,42,300,0,25.00 
-4.10,20.50,42,300,0,25.00 
-4.11,20.47,42,300,0,25.00 
-4.12,20.44,42,300,0,25.00 
-4.13,20.41,42,300,0,25.00 
-4.13,20.38,42,300,0,25.00 
-4.14,20.35,42,300,0,25.00 
-4.14,20.32,42,300,0,25.00 
-4.14,20.29,42,300,0,25.00 
-4.15,20.27,42,300,0,25.00 
-4.15,20.25,42,300,0,25.00 
-4.15,20.22,42,300,0,25.00 
-4.15,20.20,42,300,0,25.00 
-4.14,20.18,42,300,0,25.00 
-4.13,20.15,42,300,0,25.00 
-4.12,20.13,42,300,0,25.00 
-4.11,20.11,42,300,0,25.00 
-4.10,20.09,42,300,0,25.00 
-4.08,20.08,42,300,0,25.00 
-4.07,20.06,42,300,0,25.00 
-4.06,20.05,42,300,0,25.00 
-4.05,20.03,42,300,0,25.00 
-4.04,20.03,42,300,0,25.00 
-4.02,20.02,42,300,0,25.00 
-4.01,20.01,42,300,0,25.00 
-4.00,20.00,42,300,0,25.00 
-3.99,20.00,42,300,0,25.00 
-3.99,20.00,42,300,0,25.00 
-3.98,20.00,42,300,0,25.00 
-3.96,20.00,42,300,0,25.00 
-3.96,19.99,42,300,0,25.00 
-3.95,20.00,42,300,0,25.00 
-3.94,20.00,42,300,0,25.00 
-3.94,20.00,42,300,0,25.00 
-3.93,20.00,42,300,0,25.00 
-3.93,20.00,42,300,0,25.00 
-3.93,20.01,42,300,0,25.00 
-3.93,20.02,42,300,0,25.00 
-3.94,20.04,42,300,0,25.00 
-3.94,20.05,42,300,0,25.00 
-3.95,20.06,42,300,0,25.00 
-3.95,20.07,42,300,0,25.00 
-3.95,20.08,42,300,0,25.00 
-3.96,20.09,42,300,0,25.00 
-3.97,20.10,42,300,0,25.00 
-3.97,20.12,42,300,0,25.00 
-3.98,20.13,42,300,0,25.00 
-3.99,20.16,42,300,0,25.00 
-4.00,20.16,42,300,0,25.00 
-4.01,20.19,42,300,0,25.00 
-4.02,20.20,42,300,0,25.00 
-4.03,20.22,42,300,0,25.00 
-4.03,20.24,42,300,0,25.00 
-4.04,20.26,42,300,0,25.00 
-4.05,20.28,42,300,0,25.00 
-4.05,20.30,42,300,0,25.00 
-4.06,20.33,42,300,0,25.00 
-4.05,20.35,42,300,0,25.00 
-4.06,20.37,42,300,0,25.00 
-4.06,20.40,42,300,0,25.00 
-4.07,20.42,42,300,0,25.00 
-4.06,20.45,42,300,0,25.00 
-4.06,20.47,42,300,0,25.00 
-4.06,20.50,42,300,0,25.00 
-4.07,20.52,42,300,0,25.00 
-4.06,20.55,42,300,0,25.00 
-4.06,20.58,42,300,0,25.00 
-4.06,20.60,42,300,0,25.00 
-4.05,20.63,42,300,0,25.00 
-4.05,20.66,42,300,0,25.00 
-4.05,20.68,42,300,0,25.00 
-4.04,20.71,42,300,0,25.00 
-4.04,20.74,42,300,0,25.00 
-4.04,20.76,42,300,0,25.00 
-4.03,20.78,42,300,0,25.00 
-4.02,20.80,42,300,0,25.00 
-4.02,20.81,42,300,0,25.00 
-4.01,20.83,42,300,0,25.00 
-4.00,20.85,42,300,0,25.00 
-3.99,20.86,42,300,0,25.00 
-3.98,20.88,42,300,0,25.00 
-3.97,20.89,42,300,0,25.00 
-3.96,20.89,42,300,0,25.00 
-3.95,20.90,42,300,0,25.00 
-3.95,20.90,42,300,0,25.00 
-3.94,20.90,42,300,0,25.00 
-3.93,20.91,42,300,0,25.00 
-3.92,20.91,42,300,0,25.00 
-3.91,20.91,42,300,0,25.00 
-3.90,20.90,42,300,0,25.00 
-3.90,20.90,42,300,0,25.00 
-3.90,20.90,42,300,0,25.00 
-3.89,20.89,42,300,0,25.00 
-3.89,20.89,42,300,0,25.00 
-3.88,20.88,42,300,0,25.00 
-3.88,20.86,42,300,0,25.00 
-3.89,20.86,42,300,0,25.00 
-3.88,20.85,42,300,0,25.00 
-3.89,20.84,42,300,0,25.00 
-3.89,20.83,42,300,0,25.00 
-3.90,20.82,42,300,0,25.00 
-3.91,20.81,42,300,0,25.00 
-3.91,20.79,42,300,0,25.00 
-3.92,20.78,42,300,0,25.00 
-3.93,20.76,42,300,0,25.00 
-3.94,20.75,42,300,0,25.00 
-3.95,20.73,42,300,0,25.00 
-3.96,20.71,42,300,0,25.00 
-3.97,20.69,42,300,0,25.00 
-3.98,20.67,42,300,0,25.00 
-3.98,20.65,42,300,0,25.00 
-3.99,20.63,42,300,0,25.00 
-4.00,20.61,42,300,0,25.00 
-4.01,20.59,42,300,0,25.00 
-4.02,20.57,42,300,0,25.00 
-4.03,20.55,42,300,0,25.00 
-4.05,20.54,42,300,0,25.00 
-4.06,20.52,42,300,0,25.00 
-4.06,20.50,42,300,0,25.00 
-4.08,20.48,42,300,0,25.00 
-4.08,20.47,42,300,0,25.00 
-4.09,20.46,42,300,0,25.00 
-4.09,20.45,42,300,0,25.00 
-4.11,20.43,42,300,0,25.00 
-4.11,20.41,42,300,0,25.00 
-4.12,20.40,42,300,0,25.00 
-4.12,20.39,42,300,0,25.00 
-4.11,20.38,42,300,0,25.00 
-4.11,20.38,42,300,0,25.00 
-4.11,20.36,42,300,0,25.00 
-4.10,20.35,42,300,0,25.00 
-4.10,20.35,42,300,0,25.00 
-4.09,20.35,42,300,0,25.00 
-4.09,20.35,42,300,0,25.00 
-4.08,20.34,42,300,0,25.00 
-4.07,20.34,42,300,0,25.00 
-4.06,20.33,42,300,0,25.00 
-4.05,20.33,42,300,0,25.00 
-4.04,20.33,42,300,0,25.00 
-4.03,20.34,42,300,0,25.00 
-4.02,20.34,42,300,0,25.00 
-4.01,20.33,42,300,0,25.00 
-4.00,20.35,42,300,0,25.00 
-3.99,20.35,42,300,0,25.00 
-3.98,20.36,42,300,0,25.00 
-3.98,20.36,42,300,0,25.00 
-3.97,20.37,42,300,0,25.00 
-3.96,20.37,42,300,0,25.00 
-3.96,20.38,42,300,0,25.00 
-3.96,20.39,42,300,0,25.00 
-3.96,20.40,42,300,0,25.00 
-3.96,20.41,42,300,0,25.00 
-3.96,20.42,42,300,0,25.00 
-3.96,20.44,42,300,0,25.00 
-3.96,20.45,42,300,0,25.00 
-3.96,20.46,42,300,0,25.00 
-3.97,20.47,42,300,0,25.00 
-3.97,20.48,42,300,0,25.00 
-3.97,20.50,42,300,0,25.00 
-3.98,20.51,42,300,0,25.00 
-3.98,20.52,42,300,0,25.00 
-3.99,20.53,42,300,0,25.00 
-3.99,20.55,42,300,0,25.00 
-4.00,20.56,42,300,0,25.00 
-4.00,20.57,42,300,0,25.00 
-4.01,20.58,42,300,0,25.00 
-4.01,20.60,42,300,0,25.00 
-4.02,20.61,42,300,0,25.00 
-4.02,20.62,42,300,0,25.00 
-4.03,20.64,42,300,0,25.00 
-4.03,20.66,42,300,0,25.00 
-4.04,20.67,42,300,0,25.00 
-4.05,20.68,42,300,0,25.00 
-4.05,20.69,42,300,0,25.00 
-4.06,20.70,42,300,0,25.00 
-4.06,20.71,42,300,0,25.00 
-4.07,20.72,42,300,0,25.00 
-4.06,20.73,42,300,0,25.00 
-4.06,20.74,42,300,0,25.00 
-4.06,20.75,42,300,0,25.00 
-4.06,20.75,42,300,0,25.00 
-4.06,20.76,42,300,0,25.00 
-4.06,20.76,42,300,0,25.00 
-4.06,20.76,42,300,0,25.00 
-4.06,20.76,42,300,0,25.00 
-4.06,20.77,42,300,0,25.00 
-4.05,20.76,42,300,0,25.00 
-4.05,20.75,42,300,0,25.00 
-4.03,20.75,42,300,0,25.00 
-4.03,20.75,42,300,0,25.00 
-4.03,20.75,42,300,0,25.00 
-4.02,20.75,42,300,0,25.00 
-4.01,20.74,42,300,0,25.00 
-4.00,20.74,42,300,0,25.00 
-4.00,20.74,42,300,0,25.00 
-3.99,20.73,42,300,0,25.00 
-3.99,20.72,42,300,0,25.00 
-3.98,20.72,42,300,0,25.00 
-3.98,20.71,42,300,0,25.00 
-3.98,20.69,42,300,0,25.00 
-3.97,20.69,42,300,0,25.00 
-3.97,20.68,42,300,0,25.00 
-3.96,20.67,42,300,0,25.00 
-3.96,20.66,42,300,0,25.00 
