-1.77,-2.17,57,300,0,0.00 
-1.77,-2.17,57,300,0,0.00 
-1.77,-2.17,57,300,0,0.00 
-1.77,-2.17,57,300,0,0.00 
-1.77,-2.17,57,300,0,0.00 
-1.77,-2.17,57,300,0,0.00 
-1.77,-2.17,57,300,0,0.00 
-1.77,-2.17,57,300,0,0.00 
-1.77,-2.17,57,300,0,0.00 
-1.77,-2.17,57,300,0,0.00 
-1.77,-2.18,57,300,0,0.00 
-1.76,-2.18,57,300,0,0.00 
-1.77,-2.18,57,300,0,0.00 
-1.76,-2.18,57,300,0,0.00 
-1.76,-2.18,57,300,0,0.00 
-1.76,-2.19,57,300,0,0.00 
-1.75,-2.19,57,300,0,0.00 
-1.75,-2.19,57,300,0,0.00 
-1.75,-2.19,57,300,0,0.00 
-1.75,-2.19,57,300,0,0.00 
-1.75,-2.19,57,300,0,0.00 
-1.75,-2.20,57,300,0,0.00 
-1.74,-2.19,57,300,0,0.00 
-1.74,-2.19,57,300,0,0.00 
-1.74,-2.19,57,300,0,0.00 
-1.74,-2.20,57,300,0,0.00 
-1.74,-2.20,57,300,0,0.00 
-1.74,-2.20,57,300,0,0.00 
-1.74,-2.20,57,300,0,0.00 
-1.73,-2.20,57,300,0,0.00 
-1.73,-2.20,57,300,0,0.00 
-1.73,-2.19,57,300,0,0.00 
-1.73,-2.20,57,300,0,0.00 
-1.73,-2.20,57,300,0,0.00 
-1.72,-2.20,57,300,0,0.00 
-1.72,-2.20,57,300,0,0.00 
-1.72,-2.19,57,300,0,0.00 
-1.73,-2.19,57,300,0,0.00 
-1.73,-2.19,57,300,0,0.00 
-1.73,-2.19,57,300,0,0.00 
-1.73,-2.19,57,300,0,0.00 
-1.72,-2.19,57,300,0,0.00 
-1.73,-2.19,57,300,0,0.00 
-1.73,-2.18,57,300,0,0.00 
-1.73,-2.19,57,300,0,0.00 
-1.73,-2.18,57,300,0,0.00 
-1.73,-2.18,57,300,0,0.00 
-1.73,-2.19,57,300,0,0.00 
-1.73,-2.19,57,300,0,0.00 
-1.73,-2.18,57,300,0,0.00 
-1.73,-2.18,57,300,0,0.00 
-1.73,-2.18,57,300,0,0.00 
-1.74,-2.19,57,300,0,0.00 
-1.73,-2.19,57,300,0,0.00 
-1.73,-2.19,57,300,0,0.00 
-1.73,-2.18,57,300,0,0.00 
-1.74,-2.18,57,300,0,0.00 
-1.74,-2.18,57,300,0,0.00 
-1.74,-2.19,57,300,0,0.00 
-1.74,-2.19,57,300,0,0.00 
-1.74,-2.19,57,300,0,0.00 
-1.74,-2.19,57,300,0,0.00 
-1.74,-2.20,57,300,0,0.00 
-1.74,-2.20,57,300,0,0.00 
-1.73,-2.20,57,300,0,0.00 
-1.73,-2.19,57,300,0,0.00 
-1.73,-2.19,57,300,0,0.00 
-1.73,-2.19,57,300,0,0.00 
-1.73,-2.19,57,300,0,0.00 
-1.73,-2.19,57,300,0,0.00 
-1.73,-2.19,57,300,0,0.00 
-1.74,-2.19,57,300,0,0.00 
-1.74,-2.20,57,300,0,0.00 
-1.74,-2.21,57,300,0,0.00 
-1.74,-2.21,57,300,0,0.00 
-1.74,-2.21,57,300,0,0.00 
-1.74,-2.20,57,300,0,0.00 
-1.74,-2.20,57,300,0,0.00 
-1.74,-2.20,57,300,0,0.00 
-1.74,-2.20,57,300,0,0.00 
-1.74,-2.20,57,300,0,0.00 
-1.75,-2.19,57,300,0,0.00 
-1.75,-2.19,57,300,0,0.00 
-1.74,-2.19,57,300,0,0.00 
-1.74,-2.19,57,300,0,0.00 
-1.73,-2.19,57,300,0,0.00 
-1.73,-2.19,57,300,0,0.00 
-1.73,-2.19,57,300,0,0.00 
-1.73,-2.20,57,300,0,0.00 
-1.74,-2.20,57,300,0,0.00 
-1.73,-2.20,57,300,0,0.00 
-1.74,-2.20,57,300,0,0.00 
-1.74,-2.20,57,300,0,0.00 
-1.74,-2.20,57,300,0,0.00 
-1.73,-2.20,57,300,0,0.00 
-1.74,-2.20,57,300,0,0.00 
-1.74,-2.20,57,300,0,0.00 
-1.74,-2.19,57,300,0,0.00 
-1.74,-2.19,57,300,0,0.00 
-1.73,-2.19,57,300,0,0.00 
-1.74,-2.19,57,300,0,0.00 
-1.74,-2.19,57,300,0,0.00 
-1.74,-2.19,57,300,0,0.00 
-1.74,-2.19,57,300,0,0.00 
-1.74,-2.19,57,300,0,0.00 
-1.74,-2.18,57,300,0,0.00 
-1.74,-2.18,57,300,0,0.00 
-1.74,-2.19,57,300,0,0.00 
-1.74,-2.18,57,300,0,0.00 
-1.74,-2.18,57,300,0,0.00 
-1.73,-2.18,57,300,0,0.00 
-1.73,-2.18,57,300,0,0.00 
-1.73,-2.18,57,300,0,0.00 
-1.74,-2.18,57,300,0,0.00 
-1.73,-2.18,57,300,0,0.00 
-1.73,-2.18,57,300,0,0.00 
-1.73,-2.19,57,300,0,0.00 
-1.73,-2.19,57,300,0,0.00 
-1.73,-2.19,57,300,0,0.00 
-1.73,-2.20,57,300,0,0.00 
-1.73,-2.20,57,300,0,0.00 
-1.73,-2.20,57,300,0,0.00 
-1.73,-2.19,57,300,0,0.00 
-1.73,-2.19,57,300,0,0.00 
-1.74,-2.19,57,300,0,0.00 
-1.73,-2.19,57,300,0,0.00 
-1.73,-2.19,57,300,0,0.00 
-1.72,-2.19,57,300,0,0.00 
-1.73,-2.19,57,300,0,0.00 
-1.73,-2.19,57,300,0,0.00 
-1.73,-2.19,57,300,0,0.00 
-1.73,-2.19,57,300,0,0.00 
-1.73,-2.19,57,300,0,0.00 
-1.74,-2.19,57,300,0,0.00 
-1.75,-2.19,57,300,0,0.00 
-1.75,-2.20,57,300,0,0.00 
-1.75,-2.20,57,300,0,0.00 
-1.75,-2.20,57,300,0,0.00 
-1.75,-2.20,57,300,0,0.00 
-1.75,-2.20,57,300,0,0.00 
-1.75,-2.19,57,300,0,0.00 
-1.75,-2.19,57,300,0,0.00 
-1.75,-2.19,57,300,0,0.00 
-1.76,-2.19,57,300,0,0.00 
-1.76,-2.19,57,300,0,0.00 
-1.76,-2.19,57,300,0,0.00 
-1.76,-2.20,57,300,0,0.00 
-1.76,-2.20,57,300,0,0.00 
-1.77,-2.20,57,300,0,0.00 
-1.77,-2.20,57,300,0,0.00 
-1.77,-2.20,57,300,0,0.00 
-1.78,-2.20,57,300,0,0.00 
-1.77,-2.20,57,300,0,0.00 
-1.77,-2.20,57,300,0,0.00 
-1.77,-2.19,57,300,0,0.00 
-1.77,-2.19,57,300,0,0.00 
-1.77,-2.19,57,300,0,0.00 
-1.77,-2.19,57,300,0,0.00 
-1.77,-2.19,57,300,0,0.00 
-1.77,-2.19,57,300,0,0.00 
-1.77,-2.19,57,300,0,0.00 
-1.77,-2.19,57,300,0,0.00 
-1.77,-2.19,57,300,0,0.00 
-1.77,-2.19,57,300,0,0.00 
-1.77,-2.19,57,300,0,0.00 
-1.76,-2.20,57,300,0,0.00 
-1.76,-2.19,57,300,0,0.00 
-1.76,-2.20,57,300,0,0.00 
-1.76,-2.20,57,300,0,0.00 
-1.76,-2.20,57,300,0,0.00 
-1.76,-2.20,57,300,0,0.00 
-1.76,-2.20,57,300,0,0.00 
-1.76,-2.20,57,300,0,0.00 
-1.75,-2.19,57,300,0,0.00 
-1.75,-2.20,57,300,0,0.00 
-1.75,-2.20,57,300,0,0.00 
-1.75,-2.20,57,300,0,0.00 
-1.76,-2.19,57,300,0,0.00 
-1.76,-2.19,57,300,0,0.00 
-1.76,-2.19,57,300,0,0.00 
-1.76,-2.19,57,300,0,0.00 
-1.76,-2.19,57,300,0,0.00 
-1.77,-2.19,57,300,0,0.00 
-1.77,-2.20,57,300,0,0.00 
-1.77,-2.20,57,300,0,0.00 
-1.77,-2.20,57,300,0,0.00 
-1.77,-2.20,57,300,0,0.00 
-1.77,-2.20,57,300,0,0.00 
-1.77,-2.19,57,300,0,0.00 
-1.77,-2.20,57,300,0,0.00 
-1.77,-2.19,57,300,0,0.00 
-1.76,-2.19,57,300,0,0.00 
-1.76,-2.19,57,300,0,0.00 
-1.76,-2.19,57,300,0,0.00 
-1.75,-2.19,57,300,0,0.00 
-1.75,-2.19,57,300,0,0.00 
-1.75,-2.19,57,300,0,0.00 
-1.75,-2.19,57,300,0,0.00 
-1.75,-2.19,57,300,0,0.00 
-1.75,-2.19,57,300,0,0.00 
-1.75,-2.20,57,300,0,0.00 
-1.75,-2.20,57,300,0,0.00 
-1.75,-2.20,57,300,0,0.00 
-1.75,-2.20,57,300,0,0.00 
-1.75,-2.20,57,300,0,0.00 
-1.74,-2.20,57,300,0,0.00 
-1.75,-2.20,57,300,0,0.00 
-1.75,-2.20,57,300,0,0.00 
-1.74,-2.20,57,300,0,0.00 
-1.74,-2.20,57,300,0,0.00 
-1.74,-2.20,57,300,0,0.00 
-1.75,-2.20,57,300,0,0.00 
-1.75,-2.20,57,300,0,0.00 
-1.75,-2.19,57,300,0,0.00 
-1.75,-2.19,57,300,0,0.00 
-1.75,-2.19,57,300,0,0.00 
-1.75,-2.18,57,300,0,0.00 
-1.75,-2.18,57,300,0,0.00 
-1.74,-2.18,57,300,0,0.00 
-1.75,-2.18,57,300,0,0.00 
-1.75,-2.19,57,300,0,0.00 
-1.75,-2.19,57,300,0,0.00 
-1.74,-2.19,57,300,0,0.00 
-1.75,-2.20,57,300,0,0.00 
-1.75,-2.19,57,300,0,0.00 
-1.75,-2.19,57,300,0,0.00 
-1.75,-2.20,57,300,0,0.00 
-1.75,-2.20,57,300,0,0.00 
-1.75,-2.20,57,300,0,0.00 
-1.75,-2.20,57,300,0,0.00 
-1.75,-2.20,57,300,0,0.00 
-1.74,-2.20,57,300,0,0.00 
-1.74,-2.19,57,300,0,0.00 
-1.74,-2.19,57,300,0,0.00 
-1.74,-2.19,57,300,0,0.00 
-1.74,-2.19,57,300,0,0.00 
-1.74,-2.19,57,300,0,0.00 
-1.74,-2.19,57,300,0,0.00 
-1.74,-2.20,57,300,0,0.00 
-1.74,-2.20,57,300,0,0.00 
-1.74,-2.20,57,300,0,0.00 
-1.74,-2.20,57,300,0,0.00 
-1.74,-2.19,57,300,0,0.00 
-1.74,-2.19,57,300,0,0.00 
-1.74,-2.19,57,300,0,0.00 
-1.74,-2.19,57,300,0,0.00 
-1.74,-2.19,57,300,0,0.00 
-1.74,-2.19,57,300,0,0.00 
-1.74,-2.19,57,300,0,0.00 
-1.74,-2.19,57,300,0,0.00 
-1.73,-2.19,57,300,0,0.00 
-1.73,-2.19,57,300,0,0.00 
-1.72,-2.19,57,300,0,0.00 
-1.72,-2.19,57,300,0,0.00 
-1.72,-2.19,57,300,0,0.00 
-1.72,-2.19,57,300,0,0.00 
-1.72,-2.19,57,300,0,0.00 
-1.71,-2.19,57,300,0,0.00 
-1.71,-2.20,57,300,0,0.00 
-1.71,-2.20,81,300,0,-40.00 
-1.71,-2.22,81,300,0,-40.00 
-1.72,-2.35,81,300,0,-40.00 
-1.72,-2.11,81,300,0,-40.00 
-1.72,-2.02,81,300,0,-40.00 
-1.70,-1.97,81,300,0,-40.00 
-1.71,-1.70,81,300,0,-40.00 
-1.61,-1.40,81,300,0,-40.00 
-1.67,-1.51,81,300,0,-40.00 
-1.60,-1.54,81,300,0,-40.00 
-1.60,-1.48,81,300,0,-40.00 
-1.61,-1.43,81,300,0,-40.00 
-1.65,-1.48,81,300,0,-40.00 
-1.67,-1.48,81,300,0,-40.00 
-1.59,-1.73,81,300,0,-40.00 
-1.52,-1.93,81,300,0,-40.00 
-1.47,-2.20,81,300,0,-40.00 
-1.45,-2.46,81,300,0,-40.00 
-1.44,-2.75,81,300,0,-40.00 
-1.43,-3.12,81,300,0,-40.00 
-1.45,-3.48,81,300,0,-40.00 
-1.46,-3.95,81,300,0,-40.00 
-1.51,-4.38,81,300,0,-40.00 
-1.59,-4.89,81,300,0,-40.00 
-1.64,-5.43,81,300,0,-40.00 
-1.63,-6.01,81,300,0,-40.00 
-1.57,-6.63,81,300,0,-40.00 
-1.53,-7.28,81,300,0,-40.00 
-1.51,-7.95,81,300,0,-40.00 
-1.50,-8.68,81,300,0,-40.00 
-1.51,-9.40,81,300,0,-40.00 
-1.54,-10.21,81,300,0,-40.00 
-1.55,-11.01,81,300,0,-40.00 
-1.51,-11.87,81,300,0,-40.00 
-1.45,-12.77,81,300,0,-40.00 
-1.40,-13.70,81,300,0,-40.00 
-1.37,-14.67,81,300,0,-40.00 
-1.36,-15.65,81,300,0,-40.00 
-1.39,-16.67,81,300,0,-40.00 
-1.39,-17.72,81,300,0,-40.00 
-1.37,-18.78,81,300,0,-40.00 
-1.34,-19.87,81,300,0,-40.00 
-1.34,-20.98,81,300,0,-40.00 
-1.35,-22.09,81,300,0,-40.00 
-1.36,-23.23,81,300,0,-40.00 
-1.36,-24.37,81,300,0,-40.00 
-1.33,-25.52,81,300,0,-40.00 
-1.30,-26.68,81,300,0,-40.00 
-1.27,-27.84,81,300,0,-40.00 
-1.26,-29.01,81,300,0,-40.00 
-1.24,-30.18,81,300,0,-40.00 
-1.21,-31.33,81,300,0,-40.00 
-1.17,-32.48,81,300,0,-40.00 
-1.14,-33.63,81,300,0,-40.00 
-1.10,-34.75,81,300,0,-40.00 
-1.07,-35.86,81,300,0,-40.00 
-1.03,-36.95,81,300,0,-40.00 
-0.97,-38.02,81,300,0,-40.00 
-0.91,-39.07,81,300,0,-40.00 
-0.86,-40.10,81,300,0,-40.00 
-0.81,-41.10,81,300,0,-40.00 
-0.76,-42.05,81,300,0,-40.00 
-0.71,-42.98,81,300,0,-40.00 
-0.65,-43.89,81,300,0,-40.00 
-0.60,-44.76,81,300,0,-40.00 
-0.54,-45.61,81,300,0,-40.00 
-0.47,-46.42,81,300,0,-40.00 
-0.41,-47.20,81,300,0,-40.00 
-0.34,-47.95,81,300,0,-40.00 
-0.28,-48.67,81,300,0,-40.00 
-0.21,-49.35,81,300,0,-40.00 
-0.15,-49.99,81,300,0,-40.00 
-0.08,-50.60,81,300,0,-40.00 
-0.01,-51.16,81,300,0,-40.00 
0.06,-51.67,81,300,0,-40.00 
0.12,-52.15,81,300,0,-40.00 
0.17,-52.60,81,300,0,-40.00 
0.22,-52.99,81,300,0,-40.00 
0.28,-53.36,81,300,0,-40.00 
0.33,-53.68,81,300,0,-40.00 
0.37,-53.97,81,300,0,-40.00 
0.42,-54.22,81,300,0,-40.00 
0.47,-54.43,81,300,0,-40.00 
0.52,-54.59,81,300,0,-40.00 
0.56,-54.72,81,300,0,-40.00 
0.61,-54.82,81,300,0,-40.00 
0.65,-54.88,81,300,0,-40.00 
0.69,-54.91,81,300,0,-40.00 
0.72,-54.90,81,300,0,-40.00 
0.75,-54.84,81,300,0,-40.00 
0.78,-54.75,81,300,0,-40.00 
0.81,-54.62,81,300,0,-40.00 
0.82,-54.45,81,300,0,-40.00 
0.82,-54.26,81,300,0,-40.00 
0.82,-54.02,81,300,0,-40.00 
0.82,-53.76,81,300,0,-40.00 
0.81,-53.45,81,300,0,-40.00 
0.80,-53.10,81,300,0,-40.00 
0.79,-52.71,81,300,0,-40.00 
0.78,-52.29,81,300,0,-40.00 
0.77,-51.83,81,300,0,-40.00 
0.75,-51.34,81,300,0,-40.00 
0.72,-50.82,81,300,0,-40.00 
0.70,-50.24,81,300,0,-40.00 
0.66,-49.65,81,300,0,-40.00 
0.63,-49.01,81,300,0,-40.00 
0.58,-48.33,81,300,0,-40.00 
0.52,-47.61,81,300,0,-40.00 
0.47,-46.85,81,300,0,-40.00 
0.42,-46.07,81,300,0,-40.00 
0.37,-45.25,81,300,0,-40.00 
0.31,-44.41,81,300,0,-40.00 
0.24,-43.53,81,300,0,-40.00 
0.17,-42.63,81,300,0,-40.00 
0.12,-41.71,81,300,0,-40.00 
0.08,-40.81,81,300,0,-40.00 
0.01,-39.84,81,300,0,-40.00 
-0.07,-38.86,81,300,0,-40.00 
-0.14,-37.85,81,300,0,-40.00 
-0.21,-36.82,81,300,0,-40.00 
-0.29,-35.76,81,300,0,-40.00 
-0.36,-34.67,81,300,0,-40.00 
-0.43,-33.58,81,300,0,-40.00 
-0.50,-32.50,81,300,0,-40.00 
-0.54,-31.44,81,300,0,-40.00 
-0.59,-30.37,81,300,0,-40.00 
-0.66,-29.21,81,300,0,-40.00 
-0.71,-28.10,81,300,0,-40.00 
-0.75,-26.99,81,300,0,-40.00 
-0.81,-25.82,81,300,0,-40.00 
-0.83,-24.74,81,300,0,-40.00 
-0.86,-23.61,81,300,0,-40.00 
-0.90,-22.50,81,300,0,-40.00 
-0.91,-21.46,81,300,0,-40.00 
-0.95,-20.35,81,300,0,-40.00 
-0.97,-19.28,81,300,0,-40.00 
-0.97,-18.24,81,300,0,-40.00 
-1.00,-17.20,81,300,0,-40.00 
-1.00,-16.23,81,300,0,-40.00 
-1.04,-15.24,81,300,0,-40.00 
-1.07,-14.29,81,300,0,-40.00 
-1.10,-13.39,81,300,0,-40.00 
-1.16,-12.49,81,300,0,-40.00 
-1.19,-11.67,81,300,0,-40.00 
-1.22,-10.85,81,300,0,-40.00 
-1.26,-10.08,81,300,0,-40.00 
-1.29,-9.36,81,300,0,-40.00 
-1.33,-8.65,81,300,0,-40.00 
-1.36,-8.01,81,300,0,-40.00 
-1.39,-7.38,81,300,0,-40.00 
-1.42,-6.80,81,300,0,-40.00 
-1.44,-6.27,81,300,0,-40.00 
-1.47,-5.76,81,300,0,-40.00 
-1.49,-5.30,81,300,0,-40.00 
-1.51,-4.86,81,300,0,-40.00 
-1.53,-4.47,81,300,0,-40.00 
-1.55,-4.12,81,300,0,-40.00 
-1.58,-3.80,81,300,0,-40.00 
-1.60,-3.52,81,300,0,-40.00 
-1.62,-3.28,81,300,0,-40.00 
-1.64,-3.08,81,300,0,-40.00 
-1.65,-2.92,81,300,0,-40.00 
-1.68,-2.78,81,300,0,-40.00 
-1.69,-2.70,81,300,0,-40.00 
-1.71,-2.64,81,300,0,-40.00 
-1.73,-2.63,81,300,0,-40.00 
-1.75,-2.65,81,300,0,-40.00 
-1.77,-2.71,81,300,0,-40.00 
-1.78,-2.80,81,300,0,-40.00 
-1.80,-2.93,81,300,0,-40.00 
-1.81,-3.10,81,300,0,-40.00 
-1.83,-3.31,81,300,0,-40.00 
-1.85,-3.55,81,300,0,-40.00 
-1.87,-3.83,81,300,0,-40.00 
-1.88,-4.14,81,300,0,-40.00 
-1.89,-4.50,81,300,0,-40.00 
-1.90,-4.90,81,300,0,-40.00 
-1.91,-5.32,81,300,0,-40.00 
-1.92,-5.77,81,300,0,-40.00 
-1.93,-6.27,81,300,0,-40.00 
-1.94,-6.79,81,300,0,-40.00 
-1.95,-7.36,81,300,0,-40.00 
-1.94,-7.96,81,300,0,-40.00 
-1.95,-8.60,81,300,0,-40.00 
-1.95,-9.27,81,300,0,-40.00 
-1.94,-9.98,81,300,0,-40.00 
-1.93,-10.72,81,300,0,-40.00 
-1.91,-11.49,81,300,0,-40.00 
-1.90,-12.30,81,300,0,-40.00 
-1.87,-13.15,81,300,0,-40.00 
-1.84,-14.03,81,300,0,-40.00 
-1.83,-14.93,81,300,0,-40.00 
-1.82,-15.87,81,300,0,-40.00 
-1.82,-16.83,81,300,0,-40.00 
-1.81,-17.81,81,300,0,-40.00 
-1.82,-18.82,81,300,0,-40.00 
-1.81,-19.84,81,300,0,-40.00 
-1.81,-20.88,81,300,0,-40.00 
-1.80,-21.94,81,300,0,-40.00 
-1.80,-23.00,81,300,0,-40.00 
-1.79,-24.09,81,300,0,-40.00 
-1.77,-25.19,81,300,0,-40.00 
-1.76,-26.29,81,300,0,-40.00 
-1.74,-27.40,81,300,0,-40.00 
-1.72,-28.51,81,300,0,-40.00 
-1.69,-29.61,81,300,0,-40.00 
-1.67,-30.71,81,300,0,-40.00 
-1.65,-31.80,81,300,0,-40.00 
-1.62,-32.87,81,300,0,-40.00 
-1.58,-33.94,81,300,0,-40.00 
-1.54,-35.00,81,300,0,-40.00 
-1.50,-36.04,81,300,0,-40.00 
-1.46,-37.06,81,300,0,-40.00 
-1.42,-38.04,81,300,0,-40.00 
-1.37,-39.01,81,300,0,-40.00 
-1.33,-39.96,81,300,0,-40.00 
-1.28,-40.88,81,300,0,-40.00 
-1.23,-41.76,81,300,0,-40.00 
-1.18,-42.62,81,300,0,-40.00 
-1.13,-43.45,81,300,0,-40.00 
-1.06,-44.26,81,300,0,-40.00 
-0.99,-45.02,81,300,0,-40.00 
-0.92,-45.76,81,300,0,-40.00 
-0.85,-46.47,81,300,0,-40.00 
-0.78,-47.15,81,300,0,-40.00 
-0.70,-47.79,81,300,0,-40.00 
-0.63,-48.40,81,300,0,-40.00 
-0.56,-48.98,81,300,0,-40.00 
-0.48,-49.52,81,300,0,-40.00 
-0.42,-50.03,81,300,0,-40.00 
-0.34,-50.50,81,300,0,-40.00 
-0.26,-50.92,81,300,0,-40.00 
-0.19,-51.32,81,300,0,-40.00 
-0.13,-51.67,81,300,0,-40.00 
-0.07,-51.97,81,300,0,-40.00 
-0.01,-52.24,81,300,0,-40.00 
0.05,-52.46,81,300,0,-40.00 
0.11,-52.64,81,300,0,-40.00 
0.17,-52.79,81,300,0,-40.00 
0.21,-52.90,81,300,0,-40.00 
0.27,-52.97,81,300,0,-40.00 
0.31,-53.01,81,300,0,-40.00 
0.37,-53.01,81,300,0,-40.00 
0.42,-52.98,81,300,0,-40.00 
0.47,-52.89,81,300,0,-40.00 
0.52,-52.79,81,300,0,-40.00 
0.56,-52.64,81,300,0,-40.00 
0.60,-52.47,81,300,0,-40.00 
0.63,-52.24,81,300,0,-40.00 
0.67,-51.98,81,300,0,-40.00 
0.70,-51.69,81,300,0,-40.00 
0.73,-51.37,81,300,0,-40.00 
0.74,-51.00,81,300,0,-40.00 
0.75,-50.59,81,300,0,-40.00 
0.76,-50.13,81,300,0,-40.00 
0.76,-49.64,81,300,0,-40.00 
0.76,-49.12,81,300,0,-40.00 
0.76,-48.56,81,300,0,-40.00 
0.75,-47.97,81,300,0,-40.00 
0.74,-47.35,81,300,0,-40.00 
0.71,-46.70,81,300,0,-40.00 
0.68,-46.01,81,300,0,-40.00 
0.65,-45.30,81,300,0,-40.00 
0.61,-44.56,81,300,0,-40.00 
0.57,-43.79,81,300,0,-40.00 
0.52,-42.96,81,300,0,-40.00 
0.47,-42.14,81,300,0,-40.00 
0.42,-41.28,81,300,0,-40.00 
0.37,-40.40,81,300,0,-40.00 
0.32,-39.50,81,300,0,-40.00 
0.25,-38.58,81,300,0,-40.00 
0.18,-37.62,81,300,0,-40.00 
0.08,-36.64,81,300,0,-40.00 
-0.01,-35.65,81,300,0,-40.00 
-0.10,-34.62,81,300,0,-40.00 
-0.19,-33.58,81,300,0,-40.00 
-0.29,-32.54,81,300,0,-40.00 
-0.38,-31.50,81,300,0,-40.00 
-0.48,-30.44,81,300,0,-40.00 
-0.57,-29.37,81,300,0,-40.00 
-0.64,-28.29,81,300,0,-40.00 
-0.71,-27.26,81,300,0,-40.00 
-0.81,-26.16,81,300,0,-40.00 
-0.87,-25.12,81,300,0,-40.00 
-0.94,-24.06,81,300,0,-40.00 
-1.03,-22.97,81,300,0,-40.00 
-1.07,-21.95,81,300,0,-40.00 
-1.13,-20.93,81,300,0,-40.00 
-1.20,-19.92,81,300,0,-40.00 
-1.22,-18.97,81,300,0,-40.00 
-1.29,-18.00,81,300,0,-40.00 
-1.34,-17.08,81,300,0,-40.00 
-1.38,-16.19,81,300,0,-40.00 
-1.48,-15.27,81,300,0,-40.00 
-1.51,-14.46,81,300,0,-40.00 
-1.60,-13.60,81,300,0,-40.00 
-1.70,-12.78,81,300,0,-40.00 
-1.76,-12.06,81,300,0,-40.00 
-1.86,-11.30,81,300,0,-40.00 
-1.94,-10.62,81,300,0,-40.00 
-2.03,-9.96,81,300,0,-40.00 
-2.10,-9.32,81,300,0,-40.00 
-2.16,-8.75,81,300,0,-40.00 
-2.24,-8.19,81,300,0,-40.00 
-2.29,-7.69,81,300,0,-40.00 
-2.35,-7.22,81,300,0,-40.00 
-2.42,-6.77,81,300,0,-40.00 
-2.48,-6.39,81,300,0,-40.00 
-2.54,-6.02,81,300,0,-40.00 
-2.59,-5.70,81,300,0,-40.00 
-2.64,-5.40,81,300,0,-40.00 
-2.69,-5.15,81,300,0,-40.00 
-2.73,-4.94,81,300,0,-40.00 
-2.78,-4.75,81,300,0,-40.00 
-2.82,-4.61,81,300,0,-40.00 
-2.86,-4.50,81,300,0,-40.00 
-2.90,-4.43,81,300,0,-40.00 
-2.93,-4.40,81,300,0,-40.00 
-2.96,-4.40,81,300,0,-40.00 
-2.99,-4.44,81,300,0,-40.00 
-3.02,-4.51,81,300,0,-40.00 
-3.03,-4.62,81,300,0,-40.00 
-3.05,-4.76,81,300,0,-40.00 
-3.06,-4.93,81,300,0,-40.00 
-3.06,-5.15,81,300,0,-40.00 
-3.07,-5.40,81,300,0,-40.00 
-3.07,-5.68,81,300,0,-40.00 
-3.07,-6.01,81,300,0,-40.00 
-3.07,-6.36,81,300,0,-40.00 
-3.06,-6.75,81,300,0,-40.00 
-3.06,-7.17,81,300,0,-40.00 
-3.05,-7.63,81,300,0,-40.00 
-3.03,-8.12,81,300,0,-40.00 
-3.01,-8.65,81,300,0,-40.00 
-2.99,-9.21,81,300,0,-40.00 
-2.97,-9.81,81,300,0,-40.00 
-2.93,-10.44,81,300,0,-40.00 
-2.90,-11.11,81,300,0,-40.00 
-2.86,-11.81,81,300,0,-40.00 
-2.82,-12.55,81,300,0,-40.00 
-2.79,-13.32,81,300,0,-40.00 
-2.74,-14.15,81,300,0,-40.00 
-2.69,-14.99,81,300,0,-40.00 
-2.63,-15.87,81,300,0,-40.00 
-2.57,-16.76,81,300,0,-40.00 
-2.52,-17.66,81,300,0,-40.00 
-2.46,-18.59,81,300,0,-40.00 
-2.41,-19.55,81,300,0,-40.00 
-2.37,-20.52,81,300,0,-40.00 
-2.31,-21.51,81,300,0,-40.00 
-2.26,-22.52,81,300,0,-40.00 
-2.19,-23.54,81,300,0,-40.00 
-2.14,-24.56,81,300,0,-40.00 
-2.08,-25.59,81,300,0,-40.00 
-2.01,-26.63,81,300,0,-40.00 
-1.95,-27.67,81,300,0,-40.00 
-1.87,-28.71,81,300,0,-40.00 
-1.79,-29.75,81,300,0,-40.00 
-1.71,-30.78,81,300,0,-40.00 
-1.63,-31.81,81,300,0,-40.00 
-1.56,-32.82,81,300,0,-40.00 
-1.46,-33.82,81,300,0,-40.00 
-1.38,-34.80,81,300,0,-40.00 
-1.29,-35.77,81,300,0,-40.00 
-1.20,-36.72,81,300,0,-40.00 
-1.09,-37.66,81,300,0,-40.00 
-1.00,-38.56,81,300,0,-40.00 
-0.89,-39.45,81,300,0,-40.00 
-0.79,-40.32,81,300,0,-40.00 
-0.68,-41.15,81,300,0,-40.00 
-0.58,-41.95,81,300,0,-40.00 
-0.48,-42.72,81,300,0,-40.00 
-0.38,-43.47,81,300,0,-40.00 
-0.27,-44.18,81,300,0,-40.00 
-0.16,-44.87,81,300,0,-40.00 
-0.05,-45.53,81,300,0,-40.00 
0.06,-46.13,81,300,0,-40.00 
0.18,-46.72,81,300,0,-40.00 
0.29,-47.28,81,300,0,-40.00 
0.40,-47.81,81,300,0,-40.00 
0.51,-48.30,81,300,0,-40.00 
0.61,-48.75,81,300,0,-40.00 
0.71,-49.16,81,300,0,-40.00 
0.80,-49.54,81,300,0,-40.00 
0.89,-49.88,81,300,0,-40.00 
0.98,-50.20,81,300,0,-40.00 
1.06,-50.47,81,300,0,-40.00 
1.15,-50.71,81,300,0,-40.00 
1.22,-50.91,81,300,0,-40.00 
1.28,-51.06,81,300,0,-40.00 
1.35,-51.16,81,300,0,-40.00 
1.41,-51.24,81,300,0,-40.00 
1.48,-51.26,81,300,0,-40.00 
1.54,-51.24,81,300,0,-40.00 
1.59,-51.19,81,300,0,-40.00 
1.64,-51.09,81,300,0,-40.00 
1.69,-50.95,81,300,0,-40.00 
1.72,-50.76,81,300,0,-40.00 
1.76,-50.54,81,300,0,-40.00 
1.80,-50.27,81,300,0,-40.00 
1.83,-49.96,81,300,0,-40.00 
1.84,-49.63,81,300,0,-40.00 
1.86,-49.25,81,300,0,-40.00 
1.86,-48.85,81,300,0,-40.00 
1.87,-48.40,81,300,0,-40.00 
1.86,-47.93,81,300,0,-40.00 
1.84,-47.43,81,300,0,-40.00 
1.83,-46.89,81,300,0,-40.00 
1.81,-46.32,81,300,0,-40.00 
1.78,-45.71,81,300,0,-40.00 
1.76,-45.08,81,300,0,-40.00 
1.72,-44.42,81,300,0,-40.00 
1.69,-43.74,81,300,0,-40.00 
1.63,-43.03,81,300,0,-40.00 
1.58,-42.25,81,300,0,-40.00 
1.53,-41.47,81,300,0,-40.00 
1.47,-40.67,81,300,0,-40.00 
1.41,-39.86,81,300,0,-40.00 
1.33,-39.02,81,300,0,-40.00 
1.25,-38.17,81,300,0,-40.00 
1.16,-37.29,81,300,0,-40.00 
1.06,-36.38,81,300,0,-40.00 
0.96,-35.45,81,300,0,-40.00 
0.83,-34.50,81,300,0,-40.00 
0.70,-33.53,81,300,0,-40.00 
0.57,-32.56,81,300,0,-40.00 
0.42,-31.58,81,300,0,-40.00 
0.26,-30.58,81,300,0,-40.00 
0.11,-29.59,81,300,0,-40.00 
-0.03,-28.58,81,300,0,-40.00 
-0.18,-27.58,81,300,0,-40.00 
-0.34,-26.58,81,300,0,-40.00 
-0.49,-25.58,81,300,0,-40.00 
-0.64,-24.58,81,300,0,-40.00 
-0.79,-23.61,81,300,0,-40.00 
-0.93,-22.64,81,300,0,-40.00 
-1.06,-21.65,81,300,0,-40.00 
-1.18,-20.73,81,300,0,-40.00 
-1.32,-19.78,81,300,0,-40.00 
-1.46,-18.86,81,300,0,-40.00 
-1.56,-18.00,81,300,0,-40.00 
-1.70,-17.10,81,300,0,-40.00 
-1.83,-16.27,81,300,0,-40.00 
-1.95,-15.46,81,300,0,-40.00 
-2.11,-14.62,81,300,0,-40.00 
-2.24,-13.89,81,300,0,-40.00 
-2.39,-13.16,81,300,0,-40.00 
-2.54,-12.45,81,300,0,-40.00 
-2.65,-11.84,81,300,0,-40.00 
-2.80,-11.17,81,300,0,-40.00 
-2.93,-10.60,81,300,0,-40.00 
-3.04,-10.06,81,300,0,-40.00 
-3.18,-9.50,81,300,0,-40.00 
-3.26,-9.07,81,300,0,-40.00 
-3.35,-8.62,81,300,0,-40.00 
-3.44,-8.21,81,300,0,-40.00 
-3.49,-7.87,81,300,0,-40.00 
-3.58,-7.50,81,300,0,-40.00 
-3.63,-7.22,81,300,0,-40.00 
-3.67,-6.97,81,300,0,-40.00 
-3.71,-6.72,81,300,0,-40.00 
-3.71,-6.61,81,300,0,-40.00 
-3.73,-6.44,81,300,0,-40.00 
-3.78,-6.34,81,300,0,-40.00 
-3.81,-6.30,81,300,0,-40.00 
-3.90,-6.24,81,300,0,-40.00 
-3.94,-6.30,81,300,0,-40.00 
-4.01,-6.30,81,300,0,-40.00 
-4.08,-6.32,81,300,0,-40.00 
-4.11,-6.47,81,300,0,-40.00 
-4.16,-6.56,81,300,0,-40.00 
-4.17,-6.73,81,300,0,-40.00 
-4.19,-6.94,81,300,0,-40.00 
-4.24,-7.12,81,300,0,-40.00 
-4.25,-7.41,81,300,0,-40.00 
-4.26,-7.69,81,300,0,-40.00 
-4.28,-8.04,81,300,0,-40.00 
-4.28,-8.42,81,300,0,-40.00 
-4.31,-8.80,81,300,0,-40.00 
-4.27,-9.30,81,300,0,-40.00 
-4.27,-9.77,81,300,0,-40.00 
-4.27,-10.25,81,300,0,-40.00 
-4.22,-10.84,81,300,0,-40.00 
-4.21,-11.38,81,300,0,-40.00 
-4.15,-11.99,81,300,0,-40.00 
-4.13,-12.63,81,300,0,-40.00 
-4.09,-13.25,81,300,0,-40.00 
-4.00,-14.09,81,300,0,-40.00 
-3.92,-14.83,81,300,0,-40.00 
-3.87,-15.57,81,300,0,-40.00 
-3.77,-16.40,81,300,0,-40.00 
-3.67,-17.18,81,300,0,-40.00 
-3.55,-18.02,81,300,0,-40.00 
-3.45,-18.88,81,300,0,-40.00 
-3.33,-19.73,81,300,0,-40.00 
-3.18,-20.73,81,300,0,-40.00 
-3.06,-21.63,81,300,0,-40.00 
-2.94,-22.55,81,300,0,-40.00 
-2.83,-23.49,81,300,0,-40.00 
-2.74,-24.43,81,300,0,-40.00 
-2.65,-25.41,81,300,0,-40.00 
-2.55,-26.38,81,300,0,-40.00 
-2.44,-27.35,81,300,0,-40.00 
-2.35,-28.33,81,300,0,-40.00 
-2.24,-29.29,81,300,0,-40.00 
-2.13,-30.26,81,300,0,-40.00 
-2.01,-31.21,81,300,0,-40.00 
-1.87,-32.16,81,300,0,-40.00 
-1.73,-33.10,81,300,0,-40.00 
-1.58,-34.03,81,300,0,-40.00 
-1.43,-34.93,81,300,0,-40.00 
-1.28,-35.82,81,300,0,-40.00 
-1.14,-36.70,81,300,0,-40.00 
-0.99,-37.55,81,300,0,-40.00 
-0.82,-38.37,81,300,0,-40.00 
-0.62,-39.18,81,300,0,-40.00 
-0.45,-39.97,81,300,0,-40.00 
-0.28,-40.72,81,300,0,-40.00 
-0.13,-41.45,81,300,0,-40.00 
0.03,-42.14,81,300,0,-40.00 
0.20,-42.82,81,300,0,-40.00 
0.37,-43.46,81,300,0,-40.00 
0.53,-44.09,81,300,0,-40.00 
0.68,-44.67,81,300,0,-40.00 
0.83,-45.22,81,300,0,-40.00 
0.98,-45.75,81,300,0,-40.00 
1.14,-46.24,81,300,0,-40.00 
1.28,-46.71,81,300,0,-40.00 
1.42,-47.15,81,300,0,-40.00 
1.56,-47.54,81,300,0,-40.00 
1.71,-47.89,81,300,0,-40.00 
1.85,-48.23,81,300,0,-40.00 
1.98,-48.53,81,300,0,-40.00 
2.10,-48.78,81,300,0,-40.00 
2.22,-49.00,81,300,0,-40.00 
2.34,-49.18,81,300,0,-40.00 
2.45,-49.33,81,300,0,-40.00 
2.56,-49.44,81,300,0,-40.00 
2.68,-49.52,81,300,0,-40.00 
2.79,-49.55,81,300,0,-40.00 
2.89,-49.56,81,300,0,-40.00 
2.99,-49.53,81,300,0,-40.00 
3.09,-49.48,81,300,0,-40.00 
3.18,-49.37,81,300,0,-40.00 
3.27,-49.24,81,300,0,-40.00 
3.35,-49.07,81,300,0,-40.00 
3.43,-48.87,81,300,0,-40.00 
3.50,-48.63,81,300,0,-40.00 
3.56,-48.37,81,300,0,-40.00 
3.62,-48.07,81,300,0,-40.00 
3.66,-47.73,81,300,0,-40.00 
3.70,-47.36,81,300,0,-40.00 
3.72,-46.96,81,300,0,-40.00 
3.73,-46.53,81,300,0,-40.00 
3.75,-46.07,81,300,0,-40.00 
3.76,-45.57,81,300,0,-40.00 
3.75,-45.05,81,300,0,-40.00 
3.73,-44.50,81,300,0,-40.00 
3.71,-43.91,81,300,0,-40.00 
3.68,-43.30,81,300,0,-40.00 
3.63,-42.65,81,300,0,-40.00 
3.58,-41.99,81,300,0,-40.00 
3.51,-41.30,81,300,0,-40.00 
3.44,-40.58,81,300,0,-40.00 
3.37,-39.86,81,300,0,-40.00 
3.30,-39.10,81,300,0,-40.00 
3.21,-38.32,81,300,0,-40.00 
3.12,-37.53,81,300,0,-40.00 
3.02,-36.72,81,300,0,-40.00 
2.93,-35.89,81,300,0,-40.00 
2.82,-35.03,81,300,0,-40.00 
2.70,-34.14,81,300,0,-40.00 
2.57,-33.25,81,300,0,-40.00 
2.44,-32.34,81,300,0,-40.00 
2.30,-31.42,81,300,0,-40.00 
2.17,-30.49,81,300,0,-40.00 
2.02,-29.57,81,300,0,-40.00 
1.86,-28.64,81,300,0,-40.00 
1.70,-27.70,81,300,0,-40.00 
1.54,-26.75,81,300,0,-40.00 
1.37,-25.81,81,300,0,-40.00 
1.20,-24.89,81,300,0,-40.00 
1.03,-23.97,81,300,0,-40.00 
0.84,-23.05,81,300,0,-40.00 
0.66,-22.15,81,300,0,-40.00 
0.47,-21.27,81,300,0,-40.00 
0.28,-20.40,81,300,0,-40.00 
0.08,-19.55,81,300,0,-40.00 
-0.12,-18.74,81,300,0,-40.00 
-0.32,-17.94,81,300,0,-40.00 
-0.53,-17.16,81,300,0,-40.00 
-0.74,-16.40,81,300,0,-40.00 
-0.94,-15.67,81,300,0,-40.00 
-1.15,-14.99,81,300,0,-40.00 
-1.36,-14.31,81,300,0,-40.00 
-1.58,-13.67,81,300,0,-40.00 
-1.82,-13.06,81,300,0,-40.00 
-2.05,-12.49,81,300,0,-40.00 
-2.28,-11.95,81,300,0,-40.00 
-2.49,-11.45,81,300,0,-40.00 
-2.71,-10.99,81,300,0,-40.00 
-2.93,-10.56,81,300,0,-40.00 
-3.13,-10.17,81,300,0,-40.00 
-3.33,-9.81,81,300,0,-40.00 
-3.53,-9.49,81,300,0,-40.00 
-3.71,-9.21,81,300,0,-40.00 
-3.87,-8.97,81,300,0,-40.00 
-4.03,-8.76,81,300,0,-40.00 
-4.17,-8.57,81,300,0,-40.00 
-4.28,-8.44,81,300,0,-40.00 
-4.40,-8.35,81,300,0,-40.00 
-4.52,-8.29,81,300,0,-40.00 
-4.64,-8.27,81,300,0,-40.00 
-4.81,-8.28,81,300,0,-40.00 
-4.99,-8.32,81,300,0,-40.00 
-5.16,-8.40,81,300,0,-40.00 
-5.30,-8.50,81,300,0,-40.00 
-5.42,-8.65,81,300,0,-40.00 
-5.53,-8.82,81,300,0,-40.00 
-5.66,-9.04,81,300,0,-40.00 
-5.78,-9.28,81,300,0,-40.00 
-5.88,-9.57,81,300,0,-40.00 
-5.97,-9.89,81,300,0,-40.00 
-6.06,-10.24,81,300,0,-40.00 
-6.13,-10.64,81,300,0,-40.00 
-6.19,-11.06,81,300,0,-40.00 
-6.25,-11.52,81,300,0,-40.00 
-6.30,-12.01,81,300,0,-40.00 
-6.34,-12.53,81,300,0,-40.00 
-6.37,-13.08,81,300,0,-40.00 
-6.39,-13.67,81,300,0,-40.00 
-6.38,-14.28,81,300,0,-40.00 
-6.38,-14.92,81,300,0,-40.00 
-6.37,-15.58,81,300,0,-40.00 
-6.34,-16.26,81,300,0,-40.00 
-6.31,-16.97,81,300,0,-40.00 
-6.26,-17.70,81,300,0,-40.00 
-6.21,-18.46,81,300,0,-40.00 
-6.15,-19.23,81,300,0,-40.00 
-6.07,-20.02,81,300,0,-40.00 
-5.98,-20.83,81,300,0,-40.00 
-5.87,-21.65,81,300,0,-40.00 
-5.75,-22.49,81,300,0,-40.00 
-5.62,-23.34,81,300,0,-40.00 
-5.48,-24.20,81,300,0,-40.00 
-5.32,-25.07,81,300,0,-40.00 
-5.15,-25.94,81,300,0,-40.00 
-4.98,-26.81,81,300,0,-40.00 
-4.79,-27.68,81,300,0,-40.00 
-4.58,-28.55,81,300,0,-40.00 
-4.35,-29.42,81,300,0,-40.00 
-4.11,-30.29,81,300,0,-40.00 
-3.87,-31.15,81,300,0,-40.00 
-3.62,-32.01,81,300,0,-40.00 
-3.40,-32.87,81,300,0,-40.00 
-3.17,-33.71,81,300,0,-40.00 
-2.95,-34.53,81,300,0,-40.00 
-2.75,-35.33,81,300,0,-40.00 
-2.56,-36.13,81,300,0,-40.00 
-2.37,-36.90,81,300,0,-40.00 
-2.17,-37.64,81,300,0,-40.00 
-1.94,-38.37,81,300,0,-40.00 
-1.71,-39.06,81,300,0,-40.00 
-1.43,-39.72,81,300,0,-40.00 
-1.15,-40.36,81,300,0,-40.00 
-0.86,-40.98,81,300,0,-40.00 
-0.59,-41.58,81,300,0,-40.00 
-0.34,-42.16,81,300,0,-40.00 
-0.08,-42.70,81,300,0,-40.00 
0.20,-43.21,81,300,0,-40.00 
0.48,-43.71,81,300,0,-40.00 
0.74,-44.17,81,300,0,-40.00 
0.99,-44.59,81,300,0,-40.00 
1.24,-44.99,81,300,0,-40.00 
1.50,-45.35,81,300,0,-40.00 
1.76,-45.68,81,300,0,-40.00 
2.01,-45.99,81,300,0,-40.00 
2.27,-46.25,81,300,0,-40.00 
2.51,-46.49,81,300,0,-40.00 
2.75,-46.70,81,300,0,-40.00 
2.99,-46.87,81,300,0,-40.00 
3.21,-47.00,81,300,0,-40.00 
3.43,-47.10,81,300,0,-40.00 
3.66,-47.17,81,300,0,-40.00 
3.87,-47.20,81,300,0,-40.00 
4.08,-47.21,81,300,0,-40.00 
4.28,-47.18,81,300,0,-40.00 
4.47,-47.12,81,300,0,-40.00 
4.65,-47.03,81,300,0,-40.00 
4.82,-46.91,81,300,0,-40.00 
4.99,-46.75,81,300,0,-40.00 
5.14,-46.56,81,300,0,-40.00 
5.28,-46.33,81,300,0,-40.00 
5.41,-46.08,81,300,0,-40.00 
5.54,-45.79,81,300,0,-40.00 
5.65,-45.48,81,300,0,-40.00 
5.76,-45.13,81,300,0,-40.00 
5.85,-44.76,81,300,0,-40.00 
5.94,-44.35,81,300,0,-40.00 
6.01,-43.90,81,300,0,-40.00 
6.07,-43.44,81,300,0,-40.00 
6.12,-42.94,81,300,0,-40.00 
6.16,-42.41,81,300,0,-40.00 
6.17,-41.84,81,300,0,-40.00 
6.19,-41.26,81,300,0,-40.00 
6.18,-40.65,81,300,0,-40.00 
6.17,-40.02,81,300,0,-40.00 
6.15,-39.37,81,300,0,-40.00 
6.11,-38.69,81,300,0,-40.00 
6.07,-38.00,81,300,0,-40.00 
6.02,-37.28,81,300,0,-40.00 
5.97,-36.53,81,300,0,-40.00 
5.91,-35.77,81,300,0,-40.00 
5.83,-34.99,81,300,0,-40.00 
5.76,-34.20,81,300,0,-40.00 
5.68,-33.39,81,300,0,-40.00 
5.59,-32.57,81,300,0,-40.00 
5.49,-31.74,81,300,0,-40.00 
5.38,-30.90,81,300,0,-40.00 
5.28,-30.04,81,300,0,-40.00 
5.15,-29.18,81,300,0,-40.00 
5.02,-28.32,81,300,0,-40.00 
4.89,-27.46,81,300,0,-40.00 
4.76,-26.59,81,300,0,-40.00 
4.62,-25.74,81,300,0,-40.00 
4.46,-24.89,81,300,0,-40.00 
4.32,-24.04,81,300,0,-40.00 
4.16,-23.20,81,300,0,-40.00 
4.00,-22.38,81,300,0,-40.00 
3.84,-21.58,81,300,0,-40.00 
3.67,-20.78,81,300,0,-40.00 
3.51,-20.00,81,300,0,-40.00 
3.33,-19.25,81,300,0,-40.00 
3.16,-18.51,81,300,0,-40.00 
2.98,-17.79,81,300,0,-40.00 
2.81,-17.10,81,300,0,-40.00 
2.63,-16.44,81,300,0,-40.00 
2.46,-15.80,81,300,0,-40.00 
2.27,-15.19,81,300,0,-40.00 
2.08,-14.60,81,300,0,-40.00 
1.88,-14.05,81,300,0,-40.00 
1.70,-13.52,81,300,0,-40.00 
1.50,-13.02,81,300,0,-40.00 
1.30,-12.55,81,300,0,-40.00 
1.11,-12.12,81,300,0,-40.00 
0.90,-11.72,81,300,0,-40.00 
0.69,-11.36,81,300,0,-40.00 
0.48,-11.03,81,300,0,-40.00 
0.27,-10.73,81,300,0,-40.00 
0.07,-10.47,81,300,0,-40.00 
-0.14,-10.25,81,300,0,-40.00 
-0.34,-10.05,81,300,0,-40.00 
-0.55,-9.89,81,300,0,-40.00 
-0.75,-9.78,81,300,0,-40.00 
-0.95,-9.69,81,300,0,-40.00 
-1.15,-9.64,81,300,0,-40.00 
-1.35,-9.63,81,300,0,-40.00 
-1.54,-9.65,81,300,0,-40.00 
-1.73,-9.71,81,300,0,-40.00 
-1.91,-9.81,81,300,0,-40.00 
-2.10,-9.93,81,300,0,-40.00 
-2.28,-10.11,81,300,0,-40.00 
-2.46,-10.32,81,300,0,-40.00 
-2.64,-10.56,81,300,0,-40.00 
-2.81,-10.85,81,300,0,-40.00 
-2.99,-11.16,81,300,0,-40.00 
-3.16,-11.51,81,300,0,-40.00 
-3.33,-11.90,81,300,0,-40.00 
-3.49,-12.32,81,300,0,-40.00 
-3.65,-12.78,81,300,0,-40.00 
-3.80,-13.28,81,300,0,-40.00 
-3.94,-13.81,81,300,0,-40.00 
-4.06,-14.37,81,300,0,-40.00 
-4.17,-14.96,81,300,0,-40.00 
-4.27,-15.57,81,300,0,-40.00 
-4.35,-16.21,81,300,0,-40.00 
-4.42,-16.87,81,300,0,-40.00 
-4.48,-17.57,81,300,0,-40.00 
-4.53,-18.28,81,300,0,-40.00 
-4.56,-19.03,81,300,0,-40.00 
-4.59,-19.81,81,300,0,-40.00 
-4.61,-20.60,81,300,0,-40.00 
-4.63,-21.40,81,300,0,-40.00 
-4.66,-22.22,81,300,0,-40.00 
-4.69,-23.03,81,300,0,-40.00 
-4.71,-23.85,81,300,0,-40.00 
-4.71,-24.69,81,300,0,-40.00 
-4.69,-25.54,81,300,0,-40.00 
-4.65,-26.39,81,300,0,-40.00 
-4.61,-27.24,81,300,0,-40.00 
-4.55,-28.09,81,300,0,-40.00 
-4.49,-28.94,81,300,0,-40.00 
-4.42,-29.79,81,300,0,-40.00 
-4.34,-30.64,81,300,0,-40.00 
-4.25,-31.48,81,300,0,-40.00 
-4.16,-32.31,81,300,0,-40.00 
-4.07,-33.14,81,300,0,-40.00 
-3.97,-33.95,81,300,0,-40.00 
-3.87,-34.74,81,300,0,-40.00 
-3.76,-35.52,81,300,0,-40.00 
-3.66,-36.29,81,300,0,-40.00 
-3.56,-37.03,81,300,0,-40.00 
-3.45,-37.75,81,300,0,-40.00 
-3.35,-38.44,81,300,0,-40.00 
-3.25,-39.12,81,300,0,-40.00 
-3.14,-39.77,81,300,0,-40.00 
-3.04,-40.40,81,300,0,-40.00 
-2.93,-40.99,81,300,0,-40.00 
-2.82,-41.57,81,300,0,-40.00 
-2.72,-42.12,81,300,0,-40.00 
-2.62,-42.63,81,300,0,-40.00 
-2.50,-43.10,81,300,0,-40.00 
-2.38,-43.54,81,300,0,-40.00 
-2.23,-43.96,81,300,0,-40.00 
-2.07,-44.35,81,300,0,-40.00 
-1.91,-44.71,81,300,0,-40.00 
-1.76,-45.03,81,300,0,-40.00 
-1.60,-45.33,81,300,0,-40.00 
-1.45,-45.59,81,300,0,-40.00 
-1.33,-45.82,81,300,0,-40.00 
-1.19,-46.02,81,300,0,-40.00 
-1.01,-46.18,81,300,0,-40.00 
-0.83,-46.32,81,300,0,-40.00 
-0.65,-46.44,81,300,0,-40.00 
-0.50,-46.52,81,300,0,-40.00 
-0.35,-46.56,81,300,0,-40.00 
-0.17,-46.59,81,300,0,-40.00 
0.01,-46.57,81,300,0,-40.00 
0.18,-46.53,81,300,0,-40.00 
0.33,-46.46,81,300,0,-40.00 
0.49,-46.34,81,300,0,-40.00 
0.66,-46.20,81,300,0,-40.00 
0.83,-46.04,81,300,0,-40.00 
0.98,-45.83,81,300,0,-40.00 
1.12,-45.61,81,300,0,-40.00 
1.27,-45.36,81,300,0,-40.00 
1.42,-45.07,81,300,0,-40.00 
1.57,-44.75,81,300,0,-40.00 
1.71,-44.41,81,300,0,-40.00 
1.84,-44.04,81,300,0,-40.00 
1.96,-43.63,81,300,0,-40.00 
2.09,-43.20,81,300,0,-40.00 
2.20,-42.74,81,300,0,-40.00 
2.30,-42.25,81,300,0,-40.00 
2.39,-41.74,81,300,0,-40.00 
2.48,-41.20,81,300,0,-40.00 
2.57,-40.63,81,300,0,-40.00 
2.65,-40.06,81,300,0,-40.00 
2.72,-39.46,81,300,0,-40.00 
2.79,-38.84,81,300,0,-40.00 
2.86,-38.19,81,300,0,-40.00 
2.92,-37.54,81,300,0,-40.00 
2.97,-36.86,81,300,0,-40.00 
3.00,-36.16,81,300,0,-40.00 
3.03,-35.43,81,300,0,-40.00 
3.06,-34.70,81,300,0,-40.00 
3.08,-33.94,81,300,0,-40.00 
3.10,-33.17,81,300,0,-40.00 
3.11,-32.39,81,300,0,-40.00 
3.11,-31.59,81,300,0,-40.00 
3.09,-30.78,81,300,0,-40.00 
3.09,-29.97,81,300,0,-40.00 
3.07,-29.16,81,300,0,-40.00 
3.04,-28.34,81,300,0,-40.00 
3.01,-27.52,81,300,0,-40.00 
2.98,-26.71,81,300,0,-40.00 
2.94,-25.89,81,300,0,-40.00 
2.90,-25.07,81,300,0,-40.00 
2.85,-24.27,81,300,0,-40.00 
2.80,-23.47,81,300,0,-40.00 
2.74,-22.69,81,300,0,-40.00 
2.68,-21.92,81,300,0,-40.00 
2.61,-21.16,81,300,0,-40.00 
2.54,-20.41,81,300,0,-40.00 
2.47,-19.68,81,300,0,-40.00 
2.41,-18.98,81,300,0,-40.00 
2.34,-18.29,81,300,0,-40.00 
2.26,-17.63,81,300,0,-40.00 
2.18,-17.00,81,300,0,-40.00 
2.10,-16.38,81,300,0,-40.00 
2.01,-15.80,81,300,0,-40.00 
1.91,-15.25,81,300,0,-40.00 
1.81,-14.72,81,300,0,-40.00 
1.72,-14.22,81,300,0,-40.00 
1.62,-13.75,81,300,0,-40.00 
1.50,-13.31,81,300,0,-40.00 
1.39,-12.90,81,300,0,-40.00 
1.27,-12.52,81,300,0,-40.00 
1.14,-12.17,81,300,0,-40.00 
1.01,-11.85,81,300,0,-40.00 
0.88,-11.56,81,300,0,-40.00 
0.75,-11.31,81,300,0,-40.00 
0.61,-11.09,81,300,0,-40.00 
0.47,-10.91,81,300,0,-40.00 
0.33,-10.76,81,300,0,-40.00 
0.19,-10.64,81,300,0,-40.00 
0.06,-10.56,81,300,0,-40.00 
-0.08,-10.52,81,300,0,-40.00 
-0.23,-10.51,81,300,0,-40.00 
-0.37,-10.54,81,300,0,-40.00 
-0.51,-10.60,81,300,0,-40.00 
-0.65,-10.69,81,300,0,-40.00 
-0.79,-10.81,81,300,0,-40.00 
-0.93,-10.97,81,300,0,-40.00 
-1.07,-11.16,81,300,0,-40.00 
-1.22,-11.39,81,300,0,-40.00 
-1.36,-11.65,81,300,0,-40.00 
-1.49,-11.95,81,300,0,-40.00 
-1.63,-12.28,81,300,0,-40.00 
-1.77,-12.64,81,300,0,-40.00 
-1.91,-13.04,81,300,0,-40.00 
-2.04,-13.46,81,300,0,-40.00 
-2.19,-13.92,81,300,0,-40.00 
-2.33,-14.41,81,300,0,-40.00 
-2.49,-14.93,81,300,0,-40.00 
-2.65,-15.47,81,300,0,-40.00 
-2.81,-16.04,81,300,0,-40.00 
-2.97,-16.63,81,300,0,-40.00 
-3.14,-17.25,81,300,0,-40.00 
-3.31,-17.88,81,300,0,-40.00 
-3.47,-18.53,81,300,0,-40.00 
-3.63,-19.21,81,300,0,-40.00 
-3.79,-19.91,81,300,0,-40.00 
-3.95,-20.62,81,300,0,-40.00 
-4.10,-21.35,81,300,0,-40.00 
-4.25,-22.10,81,300,0,-40.00 
-4.39,-22.85,81,300,0,-40.00 
-4.51,-23.61,81,300,0,-40.00 
-4.63,-24.38,81,300,0,-40.00 
-4.73,-25.16,81,300,0,-40.00 
-4.83,-25.94,81,300,0,-40.00 
-4.91,-26.73,81,300,0,-40.00 
-4.99,-27.52,81,300,0,-40.00 
-5.10,-28.31,81,300,0,-40.00 
-5.20,-29.11,81,300,0,-40.00 
-5.29,-29.88,81,300,0,-40.00 
-5.35,-30.66,81,300,0,-40.00 
-5.38,-31.42,81,300,0,-40.00 
-5.40,-32.18,81,300,0,-40.00 
-5.42,-32.94,81,300,0,-40.00 
-5.44,-33.69,81,300,0,-40.00 
-5.44,-34.41,81,300,0,-40.00 
-5.43,-35.12,81,300,0,-40.00 
-5.40,-35.82,81,300,0,-40.00 
-5.35,-36.50,81,300,0,-40.00 
-5.31,-37.15,81,300,0,-40.00 
-5.26,-37.79,81,300,0,-40.00 
-5.18,-38.41,81,300,0,-40.00 
-5.10,-39.00,81,300,0,-40.00 
-5.03,-39.57,81,300,0,-40.00 
-4.94,-40.12,81,300,0,-40.00 
-4.84,-40.63,81,300,0,-40.00 
-4.74,-41.12,81,300,0,-40.00 
-4.62,-41.57,81,300,0,-40.00 
-4.49,-42.01,81,300,0,-40.00 
-4.36,-42.41,81,300,0,-40.00 
-4.23,-42.78,81,300,0,-40.00 
-4.10,-43.12,81,300,0,-40.00 
-3.98,-43.43,81,300,0,-40.00 
-3.86,-43.71,81,300,0,-40.00 
-3.73,-43.95,81,300,0,-40.00 
-3.61,-44.18,81,300,0,-40.00 
-3.47,-44.38,81,300,0,-40.00 
-3.33,-44.55,81,300,0,-40.00 
-3.20,-44.70,81,300,0,-40.00 
-3.06,-44.80,81,300,0,-40.00 
-2.91,-44.89,81,300,0,-40.00 
-2.74,-44.94,81,300,0,-40.00 
-2.55,-44.97,81,300,0,-40.00 
-2.36,-44.97,81,300,0,-40.00 
-2.19,-44.94,81,300,0,-40.00 
-2.00,-44.87,81,300,0,-40.00 
-1.80,-44.77,81,300,0,-40.00 
-1.60,-44.64,81,300,0,-40.00 
-1.41,-44.49,81,300,0,-40.00 
-1.22,-44.30,81,300,0,-40.00 
-1.04,-44.09,81,300,0,-40.00 
-0.85,-43.84,81,300,0,-40.00 
-0.66,-43.55,81,300,0,-40.00 
-0.47,-43.25,81,300,0,-40.00 
-0.30,-42.91,81,300,0,-40.00 
-0.12,-42.53,81,300,0,-40.00 
0.06,-42.14,81,300,0,-40.00 
0.23,-41.71,81,300,0,-40.00 
0.38,-41.27,81,300,0,-40.00 
0.52,-40.81,81,300,0,-40.00 
0.66,-40.32,81,300,0,-40.00 
0.80,-39.80,81,300,0,-40.00 
0.94,-39.27,81,300,0,-40.00 
1.06,-38.71,81,300,0,-40.00 
1.18,-38.13,81,300,0,-40.00 
1.29,-37.55,81,300,0,-40.00 
1.40,-36.92,81,300,0,-40.00 
1.50,-36.28,81,300,0,-40.00 
1.60,-35.61,81,300,0,-40.00 
1.68,-34.93,81,300,0,-40.00 
1.76,-34.24,81,300,0,-40.00 
1.83,-33.53,81,300,0,-40.00 
1.88,-32.80,81,300,0,-40.00 
1.95,-32.05,81,300,0,-40.00 
1.99,-31.31,81,300,0,-40.00 
2.04,-30.55,81,300,0,-40.00 
2.08,-29.79,81,300,0,-40.00 
2.11,-29.03,81,300,0,-40.00 
2.13,-28.25,81,300,0,-40.00 
2.16,-27.49,81,300,0,-40.00 
2.18,-26.73,81,300,0,-40.00 
2.19,-25.97,81,300,0,-40.00 
2.20,-25.21,81,300,0,-40.00 
2.20,-24.45,81,300,0,-40.00 
2.20,-23.71,81,300,0,-40.00 
2.19,-22.98,81,300,0,-40.00 
2.18,-22.26,81,300,0,-40.00 
2.17,-21.55,81,300,0,-40.00 
2.16,-20.85,81,300,0,-40.00 
2.14,-20.17,81,300,0,-40.00 
2.11,-19.51,81,300,0,-40.00 
2.08,-18.86,81,300,0,-40.00 
2.05,-18.24,81,300,0,-40.00 
2.01,-17.65,81,300,0,-40.00 
1.97,-17.07,81,300,0,-40.00 
1.93,-16.52,81,300,0,-40.00 
1.89,-16.00,81,300,0,-40.00 
1.83,-15.51,81,300,0,-40.00 
1.78,-15.04,81,300,0,-40.00 
1.72,-14.61,81,300,0,-40.00 
1.65,-14.20,81,300,0,-40.00 
1.59,-13.82,81,300,0,-40.00 
1.51,-13.47,81,300,0,-40.00 
1.44,-13.14,81,300,0,-40.00 
1.36,-12.85,81,300,0,-40.00 
1.28,-12.59,81,300,0,-40.00 
1.19,-12.35,81,300,0,-40.00 
1.10,-12.16,81,300,0,-40.00 
1.00,-11.99,81,300,0,-40.00 
0.90,-11.85,81,300,0,-40.00 
0.79,-11.75,81,300,0,-40.00 
0.69,-11.67,81,300,0,-40.00 
0.58,-11.63,81,300,0,-40.00 
0.48,-11.62,81,300,0,-40.00 
0.37,-11.65,81,300,0,-40.00 
0.25,-11.71,81,300,0,-40.00 
0.13,-11.80,81,300,0,-40.00 
0.02,-11.93,81,300,0,-40.00 
-0.10,-12.09,81,300,0,-40.00 
-0.23,-12.28,81,300,0,-40.00 
-0.35,-12.51,81,300,0,-40.00 
-0.48,-12.76,81,300,0,-40.00 
-0.61,-13.05,81,300,0,-40.00 
-0.74,-13.36,81,300,0,-40.00 
-0.87,-13.70,81,300,0,-40.00 
-1.00,-14.07,81,300,0,-40.00 
-1.14,-14.47,81,300,0,-40.00 
-1.28,-14.90,81,300,0,-40.00 
-1.42,-15.34,81,300,0,-40.00 
-1.57,-15.82,81,300,0,-40.00 
-1.71,-16.33,81,300,0,-40.00 
-1.87,-16.86,81,300,0,-40.00 
-2.03,-17.40,81,300,0,-40.00 
-2.19,-17.97,81,300,0,-40.00 
-2.36,-18.55,81,300,0,-40.00 
-2.52,-19.17,81,300,0,-40.00 
-2.68,-19.80,81,300,0,-40.00 
-2.84,-20.45,81,300,0,-40.00 
-2.99,-21.12,81,300,0,-40.00 
-3.14,-21.81,81,300,0,-40.00 
-3.30,-22.50,81,300,0,-40.00 
-3.44,-23.20,81,300,0,-40.00 
-3.58,-23.92,81,300,0,-40.00 
-3.73,-24.64,81,300,0,-40.00 
-3.87,-25.37,81,300,0,-40.00 
-4.00,-26.11,81,300,0,-40.00 
-4.12,-26.84,81,300,0,-40.00 
-4.23,-27.58,81,300,0,-40.00 
-4.34,-28.31,81,300,0,-40.00 
-4.44,-29.05,81,300,0,-40.00 
-4.53,-29.80,81,300,0,-40.00 
-4.60,-30.53,81,300,0,-40.00 
-4.68,-31.25,81,300,0,-40.00 
-4.74,-31.98,81,300,0,-40.00 
-4.82,-32.69,81,300,0,-40.00 
-4.90,-33.39,81,300,0,-40.00 
-4.97,-34.07,81,300,0,-40.00 
-5.03,-34.74,81,300,0,-40.00 
-5.06,-35.39,81,300,0,-40.00 
-5.07,-36.04,81,300,0,-40.00 
-5.08,-36.65,81,300,0,-40.00 
-5.09,-37.25,81,300,0,-40.00 
-5.09,-37.82,81,300,0,-40.00 
-5.08,-38.37,81,300,0,-40.00 
-5.05,-38.90,81,300,0,-40.00 
-5.00,-39.41,81,300,0,-40.00 
-4.97,-39.89,81,300,0,-40.00 
-4.92,-40.35,81,300,0,-40.00 
-4.86,-40.78,81,300,0,-40.00 
-4.79,-41.18,81,300,0,-40.00 
-4.72,-41.56,81,300,0,-40.00 
-4.64,-41.90,81,300,0,-40.00 
-4.55,-42.22,81,300,0,-40.00 
-4.46,-42.50,81,300,0,-40.00 
-4.37,-42.76,81,300,0,-40.00 
-4.27,-42.98,81,300,0,-40.00 
-4.17,-43.18,81,300,0,-40.00 
-4.08,-43.35,81,300,0,-40.00 
-3.98,-43.49,81,300,0,-40.00 
-3.87,-43.60,81,300,0,-40.00 
-3.76,-43.70,81,300,0,-40.00 
-3.65,-43.75,81,300,0,-40.00 
-3.54,-43.79,81,300,0,-40.00 
-3.44,-43.80,81,300,0,-40.00 
-3.32,-43.77,81,300,0,-40.00 
-3.21,-43.71,81,300,0,-40.00 
-3.09,-43.63,81,300,0,-40.00 
-2.97,-43.53,81,300,0,-40.00 
-2.83,-43.39,81,300,0,-40.00 
-2.68,-43.22,81,300,0,-40.00 
-2.50,-43.04,81,300,0,-40.00 
-2.34,-42.82,81,300,0,-40.00 
-2.18,-42.57,81,300,0,-40.00 
-2.01,-42.29,81,300,0,-40.00 
-1.85,-41.98,81,300,0,-40.00 
-1.67,-41.64,81,300,0,-40.00 
-1.46,-41.28,81,300,0,-40.00 
-1.26,-40.90,81,300,0,-40.00 
-1.09,-40.49,81,300,0,-40.00 
-0.92,-40.06,81,300,0,-40.00 
-0.76,-39.60,81,300,0,-40.00 
-0.58,-39.12,81,300,0,-40.00 
-0.41,-38.62,81,300,0,-40.00 
-0.25,-38.09,81,300,0,-40.00 
-0.11,-37.55,81,300,0,-40.00 
0.03,-36.99,81,300,0,-40.00 
0.17,-36.40,81,300,0,-40.00 
0.31,-35.81,81,300,0,-40.00 
0.43,-35.18,81,300,0,-40.00 
0.54,-34.54,81,300,0,-40.00 
0.65,-33.89,81,300,0,-40.00 
0.75,-33.21,81,300,0,-40.00 
0.85,-32.55,81,300,0,-40.00 
0.94,-31.86,81,300,0,-40.00 
1.01,-31.16,81,300,0,-40.00 
1.08,-30.44,81,300,0,-40.00 
1.14,-29.73,81,300,0,-40.00 
1.20,-29.00,81,300,0,-40.00 
1.26,-28.28,81,300,0,-40.00 
1.32,-27.56,81,300,0,-40.00 
1.36,-26.84,81,300,0,-40.00 
1.41,-26.12,81,300,0,-40.00 
1.45,-25.40,81,300,0,-40.00 
1.48,-24.69,81,300,0,-40.00 
1.50,-23.99,81,300,0,-40.00 
1.53,-23.30,81,300,0,-40.00 
1.54,-22.62,81,300,0,-40.00 
1.55,-21.95,81,300,0,-40.00 
1.54,-21.30,81,300,0,-40.00 
1.55,-20.66,81,300,0,-40.00 
1.55,-20.04,81,300,0,-40.00 
1.54,-19.44,81,300,0,-40.00 
1.53,-18.85,81,300,0,-40.00 
1.51,-18.29,81,300,0,-40.00 
1.50,-17.76,81,300,0,-40.00 
1.48,-17.24,81,300,0,-40.00 
1.45,-16.75,81,300,0,-40.00 
1.42,-16.28,81,300,0,-40.00 
1.39,-15.84,81,300,0,-40.00 
1.35,-15.43,81,300,0,-40.00 
1.31,-15.04,81,300,0,-40.00 
1.27,-14.68,81,300,0,-40.00 
1.23,-14.35,81,300,0,-40.00 
1.18,-14.05,81,300,0,-40.00 
1.12,-13.78,81,300,0,-40.00 
1.06,-13.54,81,300,0,-40.00 
1.01,-13.32,81,300,0,-40.00 
0.95,-13.13,81,300,0,-40.00 
0.89,-12.96,81,300,0,-40.00 
0.82,-12.84,81,300,0,-40.00 
0.75,-12.74,81,300,0,-40.00 
0.67,-12.68,81,300,0,-40.00 
0.60,-12.65,81,300,0,-40.00 
0.52,-12.65,81,300,0,-40.00 
0.44,-12.67,81,300,0,-40.00 
0.35,-12.73,81,300,0,-40.00 
0.26,-12.82,81,300,0,-40.00 
0.16,-12.94,81,300,0,-40.00 
0.06,-13.08,81,300,0,-40.00 
-0.03,-13.25,81,300,0,-40.00 
-0.13,-13.46,81,300,0,-40.00 
-0.23,-13.69,81,300,0,-40.00 
-0.34,-13.95,81,300,0,-40.00 
-0.45,-14.24,81,300,0,-40.00 
-0.55,-14.56,81,300,0,-40.00 
-0.67,-14.91,81,300,0,-40.00 
-0.77,-15.27,81,300,0,-40.00 
-0.89,-15.67,81,300,0,-40.00 
-1.01,-16.09,81,300,0,-40.00 
-1.13,-16.53,81,300,0,-40.00 
-1.25,-17.00,81,300,0,-40.00 
-1.37,-17.48,81,300,0,-40.00 
-1.51,-17.99,81,300,0,-40.00 
-1.64,-18.54,81,300,0,-40.00 
-1.78,-19.10,81,300,0,-40.00 
-1.92,-19.68,81,300,0,-40.00 
-2.05,-20.29,81,300,0,-40.00 
-2.18,-20.90,81,300,0,-40.00 
-2.30,-21.54,81,300,0,-40.00 
-2.42,-22.19,81,300,0,-40.00 
-2.55,-22.85,81,300,0,-40.00 
-2.66,-23.52,81,300,0,-40.00 
-2.78,-24.19,81,300,0,-40.00 
-2.89,-24.88,81,300,0,-40.00 
-3.00,-25.58,81,300,0,-40.00 
-3.11,-26.27,81,300,0,-40.00 
-3.22,-26.98,81,300,0,-40.00 
-3.33,-27.68,81,300,0,-40.00 
-3.43,-28.38,81,300,0,-40.00 
-3.52,-29.08,81,300,0,-40.00 
-3.60,-29.79,81,300,0,-40.00 
-3.69,-30.48,81,300,0,-40.00 
-3.76,-31.17,81,300,0,-40.00 
-3.85,-31.85,81,300,0,-40.00 
-3.91,-32.52,81,300,0,-40.00 
-3.96,-33.19,81,300,0,-40.00 
-4.02,-33.83,81,300,0,-40.00 
-4.07,-34.45,81,300,0,-40.00 
-4.13,-35.07,81,300,0,-40.00 
-4.17,-35.68,81,300,0,-40.00 
-4.21,-36.28,81,300,0,-40.00 
-4.24,-36.84,81,300,0,-40.00 
-4.27,-37.39,81,300,0,-40.00 
-4.29,-37.91,81,300,0,-40.00 
-4.32,-38.40,81,300,0,-40.00 
-4.34,-38.88,81,300,0,-40.00 
-4.34,-39.33,81,300,0,-40.00 
-4.34,-39.75,81,300,0,-40.00 
-4.33,-40.14,81,300,0,-40.00 
-4.31,-40.52,81,300,0,-40.00 
-4.28,-40.86,81,300,0,-40.00 
-4.25,-41.19,81,300,0,-40.00 
-4.21,-41.47,81,300,0,-40.00 
-4.16,-41.74,81,300,0,-40.00 
-4.12,-41.97,81,300,0,-40.00 
-4.06,-42.18,81,300,0,-40.00 
-4.01,-42.35,81,300,0,-40.00 
-3.96,-42.50,81,300,0,-40.00 
-3.90,-42.61,81,300,0,-40.00 
-3.83,-42.69,81,300,0,-40.00 
-3.75,-42.74,81,300,0,-40.00 
-3.68,-42.76,81,300,0,-40.00 
-3.61,-42.76,81,300,0,-40.00 
-3.53,-42.72,81,300,0,-40.00 
-3.45,-42.65,81,300,0,-40.00 
-3.36,-42.56,81,300,0,-40.00 
-3.27,-42.43,81,300,0,-40.00 
-3.17,-42.27,81,300,0,-40.00 
-3.07,-42.07,81,300,0,-40.00 
-2.97,-41.85,81,300,0,-40.00 
-2.86,-41.59,81,300,0,-40.00 
-2.76,-41.31,81,300,0,-40.00 
-2.65,-41.00,81,300,0,-40.00 
-2.53,-40.65,81,300,0,-40.00 
-2.39,-40.29,81,300,0,-40.00 
-2.25,-39.90,81,300,0,-40.00 
-2.12,-39.49,81,300,0,-40.00 
-1.99,-39.06,81,300,0,-40.00 
-1.87,-38.60,81,300,0,-40.00 
-1.71,-38.12,81,300,0,-40.00 
-1.55,-37.63,81,300,0,-40.00 
-1.39,-37.12,81,300,0,-40.00 
-1.25,-36.58,81,300,0,-40.00 
-1.13,-36.02,81,300,0,-40.00 
-0.99,-35.44,81,300,0,-40.00 
-0.85,-34.85,81,300,0,-40.00 
-0.73,-34.24,81,300,0,-40.00 
-0.63,-33.61,81,300,0,-40.00 
-0.53,-32.97,81,300,0,-40.00 
-0.43,-32.32,81,300,0,-40.00 
-0.35,-31.63,81,300,0,-40.00 
-0.26,-30.97,81,300,0,-40.00 
-0.20,-30.30,81,300,0,-40.00 
-0.13,-29.62,81,300,0,-40.00 
-0.07,-28.94,81,300,0,-40.00 
-0.03,-28.25,81,300,0,-40.00 
0.01,-27.56,81,300,0,-40.00 
0.05,-26.88,81,300,0,-40.00 
0.09,-26.20,81,300,0,-40.00 
0.12,-25.53,81,300,0,-40.00 
0.15,-24.85,81,300,0,-40.00 
0.17,-24.19,81,300,0,-40.00 
0.18,-23.53,81,300,0,-40.00 
0.19,-22.89,81,300,0,-40.00 
0.20,-22.26,81,300,0,-40.00 
0.21,-21.65,81,300,0,-40.00 
0.20,-21.04,81,300,0,-40.00 
0.20,-20.46,81,300,0,-40.00 
0.19,-19.89,81,300,0,-40.00 
0.17,-19.34,81,300,0,-40.00 
0.15,-18.82,81,300,0,-40.00 
0.14,-18.31,81,300,0,-40.00 
0.11,-17.83,81,300,0,-40.00 
0.09,-17.37,81,300,0,-40.00 
0.07,-16.94,81,300,0,-40.00 
0.04,-16.54,81,300,0,-40.00 
0.02,-16.15,81,300,0,-40.00 
-0.01,-15.80,81,300,0,-40.00 
-0.05,-15.47,81,300,0,-40.00 
-0.08,-15.17,81,300,0,-40.00 
-0.12,-14.89,81,300,0,-40.00 
-0.16,-14.65,81,300,0,-40.00 
-0.21,-14.43,81,300,0,-40.00 
-0.26,-14.23,81,300,0,-40.00 
-0.31,-14.07,81,300,0,-40.00 
-0.36,-13.93,81,300,0,-40.00 
-0.42,-13.82,81,300,0,-40.00 
-0.47,-13.73,81,300,0,-40.00 
-0.53,-13.68,81,300,0,-40.00 
-0.59,-13.66,81,300,0,-40.00 
-0.66,-13.68,81,300,0,-40.00 
-0.72,-13.71,81,300,0,-40.00 
-0.79,-13.77,81,300,0,-40.00 
-0.86,-13.87,81,300,0,-40.00 
-0.93,-13.99,81,300,0,-40.00 
-1.01,-14.15,81,300,0,-40.00 
-1.08,-14.33,81,300,0,-40.00 
-1.16,-14.53,81,300,0,-40.00 
-1.23,-14.76,81,300,0,-40.00 
-1.31,-15.02,81,300,0,-40.00 
-1.39,-15.31,81,300,0,-40.00 
-1.47,-15.62,81,300,0,-40.00 
-1.55,-15.96,81,300,0,-40.00 
-1.64,-16.31,81,300,0,-40.00 
-1.74,-16.69,81,300,0,-40.00 
-1.84,-17.10,81,300,0,-40.00 
-1.94,-17.53,81,300,0,-40.00 
-2.04,-17.98,81,300,0,-40.00 
-2.15,-18.45,81,300,0,-40.00 
-2.25,-18.94,81,300,0,-40.00 
-2.35,-19.45,81,300,0,-40.00 
-2.45,-19.99,81,300,0,-40.00 
-2.55,-20.54,81,300,0,-40.00 
-2.65,-21.11,81,300,0,-40.00 
-2.75,-21.69,81,300,0,-40.00 
-2.84,-22.29,81,300,0,-40.00 
-2.93,-22.90,81,300,0,-40.00 
-3.02,-23.51,81,300,0,-40.00 
-3.10,-24.14,81,300,0,-40.00 
-3.17,-24.78,81,300,0,-40.00 
-3.25,-25.42,81,300,0,-40.00 
-3.32,-26.07,81,300,0,-40.00 
-3.40,-26.72,81,300,0,-40.00 
-3.46,-27.37,81,300,0,-40.00 
-3.52,-28.03,81,300,0,-40.00 
-3.58,-28.68,81,300,0,-40.00 
-3.64,-29.33,81,300,0,-40.00 
-3.68,-29.98,81,300,0,-40.00 
-3.73,-30.62,81,300,0,-40.00 
-3.78,-31.27,81,300,0,-40.00 
-3.81,-31.90,81,300,0,-40.00 
-3.85,-32.52,81,300,0,-40.00 
-3.87,-33.13,81,300,0,-40.00 
-3.90,-33.73,81,300,0,-40.00 
-3.93,-34.31,81,300,0,-40.00 
-3.97,-34.87,81,300,0,-40.00 
-4.01,-35.42,81,300,0,-40.00 
-4.03,-35.95,81,300,0,-40.00 
-4.06,-36.47,81,300,0,-40.00 
-4.07,-36.96,81,300,0,-40.00 
-4.08,-37.43,81,300,0,-40.00 
-4.07,-37.88,81,300,0,-40.00 
-4.05,-38.31,81,300,0,-40.00 
-4.02,-38.71,81,300,0,-40.00 
-3.99,-39.09,81,300,0,-40.00 
-3.94,-39.44,81,300,0,-40.00 
-3.89,-39.77,81,300,0,-40.00 
-3.84,-40.07,81,300,0,-40.00 
-3.78,-40.34,81,300,0,-40.00 
-3.71,-40.58,81,300,0,-40.00 
-3.64,-40.80,81,300,0,-40.00 
-3.56,-41.00,81,300,0,-40.00 
-3.48,-41.16,81,300,0,-40.00 
-3.39,-41.30,81,300,0,-40.00 
-3.30,-41.41,81,300,0,-40.00 
-3.21,-41.48,81,300,0,-40.00 
-3.11,-41.52,81,300,0,-40.00 
-3.01,-41.54,81,300,0,-40.00 
-2.90,-41.52,81,300,0,-40.00 
-2.80,-41.48,81,300,0,-40.00 
-2.70,-41.41,81,300,0,-40.00 
-2.60,-41.30,81,300,0,-40.00 
-2.50,-41.16,81,300,0,-40.00 
-2.40,-41.00,81,300,0,-40.00 
-2.27,-40.80,81,300,0,-40.00 
-2.10,-40.59,81,300,0,-40.00 
-1.94,-40.34,81,300,0,-40.00 
-1.79,-40.07,81,300,0,-40.00 
-1.66,-39.76,81,300,0,-40.00 
-1.51,-39.45,81,300,0,-40.00 
-1.36,-39.10,81,300,0,-40.00 
-1.21,-38.73,81,300,0,-40.00 
-1.09,-38.34,81,300,0,-40.00 
-0.97,-37.94,81,300,0,-40.00 
-0.84,-37.50,81,300,0,-40.00 
-0.72,-37.05,81,300,0,-40.00 
-0.61,-36.58,81,300,0,-40.00 
-0.51,-36.09,81,300,0,-40.00 
-0.43,-35.58,81,300,0,-40.00 
-0.35,-35.05,81,300,0,-40.00 
-0.27,-34.51,81,300,0,-40.00 
-0.21,-33.96,81,300,0,-40.00 
-0.14,-33.39,81,300,0,-40.00 
-0.08,-32.81,81,300,0,-40.00 
-0.03,-32.21,81,300,0,-40.00 
0.01,-31.61,81,300,0,-40.00 
0.04,-31.00,81,300,0,-40.00 
0.07,-30.38,81,300,0,-40.00 
0.09,-29.77,81,300,0,-40.00 
0.10,-29.14,81,300,0,-40.00 
0.12,-28.50,81,300,0,-40.00 
0.12,-27.87,81,300,0,-40.00 
0.11,-27.24,81,300,0,-40.00 
0.10,-26.61,81,300,0,-40.00 
0.08,-25.98,81,300,0,-40.00 
0.05,-25.35,81,300,0,-40.00 
0.02,-24.74,81,300,0,-40.00 
-0.02,-24.13,81,300,0,-40.00 
-0.07,-23.53,81,300,0,-40.00 
-0.12,-22.94,81,300,0,-40.00 
-0.17,-22.37,81,300,0,-40.00 
-0.23,-21.82,81,300,0,-40.00 
-0.28,-21.28,81,300,0,-40.00 
-0.34,-20.75,81,300,0,-40.00 
-0.41,-20.24,81,300,0,-40.00 
-0.48,-19.74,81,300,0,-40.00 
-0.55,-19.28,81,300,0,-40.00 
-0.63,-18.82,81,300,0,-40.00 
-0.71,-18.40,81,300,0,-40.00 
-0.79,-17.99,81,300,0,-40.00 
-0.87,-17.61,81,300,0,-40.00 
-0.96,-17.25,81,300,0,-40.00 
-1.04,-16.92,81,300,0,-40.00 
-1.13,-16.61,81,300,0,-40.00 
-1.23,-16.33,81,300,0,-40.00 
-1.32,-16.08,81,300,0,-40.00 
-1.41,-15.85,81,300,0,-40.00 
-1.51,-15.66,81,300,0,-40.00 
-1.61,-15.49,81,300,0,-40.00 
-1.71,-15.34,81,300,0,-40.00 
-1.81,-15.22,81,300,0,-40.00 
-1.91,-15.13,81,300,0,-40.00 
-2.02,-15.06,81,300,0,-40.00 
-2.13,-15.02,81,300,0,-40.00 
-2.25,-15.01,81,300,0,-40.00 
-2.38,-15.02,81,300,0,-40.00 
-2.51,-15.05,81,300,0,-40.00 
-2.64,-15.11,81,300,0,-40.00 
-2.79,-15.19,81,300,0,-40.00 
-2.93,-15.30,81,300,0,-40.00 
-3.07,-15.44,81,300,0,-40.00 
-3.21,-15.59,81,300,0,-40.00 
-3.35,-15.77,81,300,0,-40.00 
-3.48,-15.98,81,300,0,-40.00 
-3.61,-16.21,81,300,0,-40.00 
-3.73,-16.47,81,300,0,-40.00 
-3.83,-16.75,81,300,0,-40.00 
-3.92,-17.05,81,300,0,-40.00 
-4.01,-17.37,81,300,0,-40.00 
-4.09,-17.73,81,300,0,-40.00 
-4.15,-18.09,81,300,0,-40.00 
-4.22,-18.48,81,300,0,-40.00 
-4.27,-18.89,81,300,0,-40.00 
-4.31,-19.33,81,300,0,-40.00 
-4.35,-19.78,81,300,0,-40.00 
-4.38,-20.24,81,300,0,-40.00 
-4.41,-20.73,81,300,0,-40.00 
-4.44,-21.23,81,300,0,-40.00 
-4.47,-21.75,81,300,0,-40.00 
-4.49,-22.28,81,300,0,-40.00 
-4.51,-22.82,81,300,0,-40.00 
-4.52,-23.38,81,300,0,-40.00 
-4.52,-23.93,81,300,0,-40.00 
-4.51,-24.51,81,300,0,-40.00 
-4.49,-25.08,81,300,0,-40.00 
-4.47,-25.67,81,300,0,-40.00 
-4.43,-26.25,81,300,0,-40.00 
-4.37,-26.83,81,300,0,-40.00 
-4.32,-27.42,81,300,0,-40.00 
-4.25,-28.02,81,300,0,-40.00 
-4.17,-28.61,81,300,0,-40.00 
-4.09,-29.20,81,300,0,-40.00 
-4.00,-29.79,81,300,0,-40.00 
-3.92,-30.38,81,300,0,-40.00 
-3.82,-30.95,81,300,0,-40.00 
-3.73,-31.52,81,300,0,-40.00 
-3.64,-32.09,81,300,0,-40.00 
-3.54,-32.63,81,300,0,-40.00 
-3.45,-33.17,81,300,0,-40.00 
-3.35,-33.70,81,300,0,-40.00 
-3.27,-34.21,81,300,0,-40.00 
-3.18,-34.70,81,300,0,-40.00 
-3.08,-35.18,81,300,0,-40.00 
-2.99,-35.65,81,300,0,-40.00 
-2.90,-36.10,81,300,0,-40.00 
-2.82,-36.54,81,300,0,-40.00 
-2.72,-36.94,81,300,0,-40.00 
-2.62,-37.34,81,300,0,-40.00 
-2.52,-37.70,81,300,0,-40.00 
-2.39,-38.05,81,300,0,-40.00 
-2.26,-38.37,81,300,0,-40.00 
-2.12,-38.67,81,300,0,-40.00 
-1.98,-38.96,81,300,0,-40.00 
-1.85,-39.21,81,300,0,-40.00 
-1.72,-39.44,81,300,0,-40.00 
-1.59,-39.64,81,300,0,-40.00 
-1.45,-39.82,81,300,0,-40.00 
-1.28,-39.98,81,300,0,-40.00 
-1.12,-40.12,81,300,0,-40.00 
-0.97,-40.24,81,300,0,-40.00 
-0.83,-40.32,81,300,0,-40.00 
-0.70,-40.39,81,300,0,-40.00 
-0.55,-40.42,81,300,0,-40.00 
-0.40,-40.44,81,300,0,-40.00 
-0.27,-40.43,81,300,0,-40.00 
-0.17,-40.39,81,300,0,-40.00 
-0.06,-40.33,81,300,0,-40.00 
0.06,-40.25,81,300,0,-40.00 
0.16,-40.15,81,300,0,-40.00 
0.25,-40.02,81,300,0,-40.00 
0.34,-39.87,81,300,0,-40.00 
0.42,-39.69,81,300,0,-40.00 
0.50,-39.50,81,300,0,-40.00 
0.57,-39.28,81,300,0,-40.00 
0.63,-39.04,81,300,0,-40.00 
0.69,-38.77,81,300,0,-40.00 
0.74,-38.49,81,300,0,-40.00 
0.78,-38.18,81,300,0,-40.00 
0.81,-37.85,81,300,0,-40.00 
0.84,-37.49,81,300,0,-40.00 
0.85,-37.12,81,300,0,-40.00 
0.85,-36.73,81,300,0,-40.00 
0.85,-36.32,81,300,0,-40.00 
0.83,-35.89,81,300,0,-40.00 
0.81,-35.45,81,300,0,-40.00 
0.78,-34.98,81,300,0,-40.00 
0.75,-34.50,81,300,0,-40.00 
0.70,-34.00,81,300,0,-40.00 
0.66,-33.50,81,300,0,-40.00 
0.59,-32.98,81,300,0,-40.00 
0.52,-32.45,81,300,0,-40.00 
0.45,-31.91,81,300,0,-40.00 
0.37,-31.35,81,300,0,-40.00 
0.27,-30.79,81,300,0,-40.00 
0.17,-30.22,81,300,0,-40.00 
0.07,-29.64,81,300,0,-40.00 
-0.05,-29.06,81,300,0,-40.00 
-0.17,-28.48,81,300,0,-40.00 
-0.29,-27.91,81,300,0,-40.00 
-0.41,-27.34,81,300,0,-40.00 
-0.54,-26.77,81,300,0,-40.00 
-0.66,-26.20,81,300,0,-40.00 
-0.79,-25.64,81,300,0,-40.00 
-0.91,-25.08,81,300,0,-40.00 
-1.03,-24.53,81,300,0,-40.00 
-1.14,-23.99,81,300,0,-40.00 
-1.25,-23.46,81,300,0,-40.00 
-1.35,-22.94,81,300,0,-40.00 
-1.45,-22.42,81,300,0,-40.00 
-1.54,-21.93,81,300,0,-40.00 
-1.64,-21.45,81,300,0,-40.00 
-1.73,-20.99,81,300,0,-40.00 
-1.81,-20.54,81,300,0,-40.00 
-1.90,-20.11,81,300,0,-40.00 
-1.98,-19.69,81,300,0,-40.00 
-2.06,-19.29,81,300,0,-40.00 
-2.13,-18.93,81,300,0,-40.00 
-2.21,-18.57,81,300,0,-40.00 
-2.29,-18.25,81,300,0,-40.00 
-2.36,-17.95,81,300,0,-40.00 
-2.43,-17.66,81,300,0,-40.00 
-2.50,-17.40,81,300,0,-40.00 
-2.56,-17.15,81,300,0,-40.00 
-2.62,-16.93,81,300,0,-40.00 
-2.69,-16.73,81,300,0,-40.00 
-2.76,-16.56,81,300,0,-40.00 
-2.83,-16.40,81,300,0,-40.00 
-2.89,-16.27,81,300,0,-40.00 
-2.95,-16.16,81,300,0,-40.00 
-3.02,-16.08,81,300,0,-40.00 
-3.07,-16.02,81,300,0,-40.00 
-3.13,-16.00,81,300,0,-40.00 
-3.18,-16.00,81,300,0,-40.00 
-3.22,-16.02,81,300,0,-40.00 
-3.27,-16.06,81,300,0,-40.00 
-3.29,-16.13,81,300,0,-40.00 
-3.32,-16.22,81,300,0,-40.00 
-3.34,-16.35,81,300,0,-40.00 
-3.35,-16.49,81,300,0,-40.00 
-3.35,-16.66,81,300,0,-40.00 
-3.35,-16.85,81,300,0,-40.00 
-3.34,-17.08,81,300,0,-40.00 
-3.34,-17.31,81,300,0,-40.00 
-3.33,-17.58,81,300,0,-40.00 
-3.33,-17.87,81,300,0,-40.00 
-3.32,-18.17,81,300,0,-40.00 
-3.31,-18.50,81,300,0,-40.00 
-3.31,-18.85,81,300,0,-40.00 
-3.31,-19.22,81,300,0,-40.00 
-3.31,-19.60,81,300,0,-40.00 
-3.31,-20.00,81,300,0,-40.00 
-3.31,-20.43,81,300,0,-40.00 
-3.30,-20.85,81,300,0,-40.00 
-3.30,-21.30,81,300,0,-40.00 
-3.29,-21.77,81,300,0,-40.00 
-3.28,-22.25,81,300,0,-40.00 
-3.26,-22.74,81,300,0,-40.00 
-3.25,-23.25,81,300,0,-40.00 
-3.23,-23.75,81,300,0,-40.00 
-3.21,-24.28,81,300,0,-40.00 
-3.19,-24.81,81,300,0,-40.00 
-3.17,-25.34,81,300,0,-40.00 
-3.17,-25.88,81,300,0,-40.00 
-3.15,-26.43,81,300,0,-40.00 
-3.13,-26.98,81,300,0,-40.00 
-3.12,-27.53,81,300,0,-40.00 
-3.10,-28.07,81,300,0,-40.00 
-3.09,-28.62,81,300,0,-40.00 
-3.06,-29.16,81,300,0,-40.00 
-3.04,-29.70,81,300,0,-40.00 
-3.02,-30.24,81,300,0,-40.00 
-3.00,-30.78,81,300,0,-40.00 
-2.97,-31.31,81,300,0,-40.00 
-2.95,-31.83,81,300,0,-40.00 
-2.92,-32.34,81,300,0,-40.00 
-2.89,-32.83,81,300,0,-40.00 
-2.87,-33.32,81,300,0,-40.00 
-2.84,-33.79,81,300,0,-40.00 
-2.81,-34.25,81,300,0,-40.00 
-2.77,-34.69,81,300,0,-40.00 
-2.74,-35.12,81,300,0,-40.00 
-2.71,-35.54,81,300,0,-40.00 
-2.67,-35.95,81,300,0,-40.00 
-2.63,-36.34,81,300,0,-40.00 
-2.60,-36.69,81,300,0,-40.00 
-2.57,-37.03,81,300,0,-40.00 
-2.53,-37.34,81,300,0,-40.00 
-2.49,-37.65,81,300,0,-40.00 
-2.45,-37.93,81,300,0,-40.00 
-2.41,-38.18,81,300,0,-40.00 
-2.36,-38.40,81,300,0,-40.00 
-2.32,-38.62,81,300,0,-40.00 
-2.27,-38.80,81,300,0,-40.00 
-2.21,-38.96,81,300,0,-40.00 
-2.14,-39.10,81,300,0,-40.00 
-2.07,-39.22,81,300,0,-40.00 
-2.00,-39.32,81,300,0,-40.00 
-1.93,-39.38,81,300,0,-40.00 
-1.85,-39.44,81,300,0,-40.00 
-1.77,-39.46,81,300,0,-40.00 
-1.69,-39.47,81,300,0,-40.00 
-1.60,-39.45,81,300,0,-40.00 
-1.52,-39.41,81,300,0,-40.00 
-1.44,-39.35,81,300,0,-40.00 
-1.36,-39.26,81,300,0,-40.00 
-1.27,-39.17,81,300,0,-40.00 
-1.17,-39.03,81,300,0,-40.00 
-1.08,-38.88,81,300,0,-40.00 
-0.99,-38.70,81,300,0,-40.00 
-0.90,-38.50,81,300,0,-40.00 
-0.80,-38.29,81,300,0,-40.00 
-0.72,-38.05,81,300,0,-40.00 
-0.63,-37.78,81,300,0,-40.00 
-0.55,-37.50,81,300,0,-40.00 
-0.49,-37.19,81,300,0,-40.00 
-0.42,-36.87,81,300,0,-40.00 
-0.35,-36.53,81,300,0,-40.00 
-0.29,-36.16,81,300,0,-40.00 
-0.24,-35.78,81,300,0,-40.00 
-0.19,-35.38,81,300,0,-40.00 
-0.14,-34.96,81,300,0,-40.00 
-0.11,-34.54,81,300,0,-40.00 
-0.09,-34.09,81,300,0,-40.00 
-0.08,-33.63,81,300,0,-40.00 
-0.08,-33.16,81,300,0,-40.00 
-0.07,-32.67,81,300,0,-40.00 
-0.08,-32.18,81,300,0,-40.00 
-0.09,-31.67,81,300,0,-40.00 
-0.12,-31.15,81,300,0,-40.00 
-0.15,-30.63,81,300,0,-40.00 
-0.18,-30.10,81,300,0,-40.00 
-0.22,-29.57,81,300,0,-40.00 
-0.25,-29.02,81,300,0,-40.00 
-0.29,-28.48,81,300,0,-40.00 
-0.34,-27.94,81,300,0,-40.00 
-0.38,-27.42,81,300,0,-40.00 
-0.42,-26.90,81,300,0,-40.00 
-0.46,-26.37,81,300,0,-40.00 
-0.51,-25.86,81,300,0,-40.00 
-0.55,-25.34,81,300,0,-40.00 
-0.60,-24.83,81,300,0,-40.00 
-0.65,-24.32,81,300,0,-40.00 
-0.69,-23.82,81,300,0,-40.00 
-0.74,-23.33,81,300,0,-40.00 
-0.78,-22.85,81,300,0,-40.00 
-0.82,-22.40,81,300,0,-40.00 
-0.87,-21.96,81,300,0,-40.00 
-0.91,-21.53,81,300,0,-40.00 
-0.95,-21.12,81,300,0,-40.00 
-0.99,-20.72,81,300,0,-40.00 
-1.03,-20.34,81,300,0,-40.00 
-1.07,-19.97,81,300,0,-40.00 
-1.10,-19.63,81,300,0,-40.00 
-1.14,-19.30,81,300,0,-40.00 
-1.18,-19.00,81,300,0,-40.00 
-1.21,-18.72,81,300,0,-40.00 
-1.25,-18.46,81,300,0,-40.00 
-1.28,-18.22,81,300,0,-40.00 
-1.31,-18.01,81,300,0,-40.00 
-1.33,-17.82,81,300,0,-40.00 
-1.35,-17.65,81,300,0,-40.00 
-1.38,-17.51,81,300,0,-40.00 
-1.41,-17.40,81,300,0,-40.00 
-1.43,-17.30,81,300,0,-40.00 
-1.46,-17.22,81,300,0,-40.00 
-1.48,-17.17,81,300,0,-40.00 
-1.51,-17.14,81,300,0,-40.00 
-1.53,-17.14,81,300,0,-40.00 
-1.56,-17.16,81,300,0,-40.00 
-1.58,-17.20,81,300,0,-40.00 
-1.61,-17.27,81,300,0,-40.00 
-1.65,-17.35,81,300,0,-40.00 
-1.68,-17.47,81,300,0,-40.00 
-1.71,-17.60,81,300,0,-40.00 
-1.74,-17.76,81,300,0,-40.00 
-1.76,-17.93,81,300,0,-40.00 
-1.78,-18.13,81,300,0,-40.00 
-1.81,-18.35,81,300,0,-40.00 
-1.83,-18.59,81,300,0,-40.00 
-1.84,-18.85,81,300,0,-40.00 
-1.86,-19.13,81,300,0,-40.00 
-1.87,-19.43,81,300,0,-40.00 
-1.88,-19.75,81,300,0,-40.00 
-1.88,-20.08,81,300,0,-40.00 
-1.88,-20.43,81,300,0,-40.00 
-1.88,-20.81,81,300,0,-40.00 
-1.88,-21.20,81,300,0,-40.00 
-1.87,-21.60,81,300,0,-40.00 
-1.86,-22.02,81,300,0,-40.00 
-1.85,-22.44,81,300,0,-40.00 
-1.84,-22.88,81,300,0,-40.00 
-1.82,-23.33,81,300,0,-40.00 
-1.80,-23.79,81,300,0,-40.00 
-1.77,-24.26,81,300,0,-40.00 
-1.74,-24.74,81,300,0,-40.00 
-1.71,-25.22,81,300,0,-40.00 
-1.67,-25.71,81,300,0,-40.00 
-1.63,-26.21,81,300,0,-40.00 
-1.58,-26.71,81,300,0,-40.00 
-1.53,-27.21,81,300,0,-40.00 
-1.48,-27.71,81,300,0,-40.00 
-1.42,-28.21,81,300,0,-40.00 
-1.37,-28.71,81,300,0,-40.00 
-1.31,-29.20,81,300,0,-40.00 
-1.24,-29.69,81,300,0,-40.00 
-1.18,-30.18,81,300,0,-40.00 
-1.13,-30.67,81,300,0,-40.00 
-1.06,-31.15,81,300,0,-40.00 
-0.99,-31.63,81,300,0,-40.00 
-0.91,-32.09,81,300,0,-40.00 
-0.83,-32.54,81,300,0,-40.00 
-0.75,-32.98,81,300,0,-40.00 
-0.66,-33.40,81,300,0,-40.00 
-0.57,-33.81,81,300,0,-40.00 
-0.48,-34.20,81,300,0,-40.00 
-0.39,-34.58,81,300,0,-40.00 
-0.29,-34.95,81,300,0,-40.00 
-0.20,-35.30,81,300,0,-40.00 
-0.11,-35.63,81,300,0,-40.00 
-0.02,-35.96,81,300,0,-40.00 
0.06,-36.26,81,300,0,-40.00 
0.14,-36.54,81,300,0,-40.00 
0.21,-36.80,81,300,0,-40.00 
0.28,-37.04,81,300,0,-40.00 
0.34,-37.25,81,300,0,-40.00 
0.39,-37.45,81,300,0,-40.00 
0.42,-37.62,81,300,0,-40.00 
0.46,-37.77,81,300,0,-40.00 
0.50,-37.90,81,300,0,-40.00 
0.53,-38.01,81,300,0,-40.00 
0.55,-38.10,81,300,0,-40.00 
0.56,-38.16,81,300,0,-40.00 
0.56,-38.20,81,300,0,-40.00 
0.56,-38.22,81,300,0,-40.00 
0.55,-38.22,81,300,0,-40.00 
0.54,-38.19,81,300,0,-40.00 
0.52,-38.14,81,300,0,-40.00 
0.49,-38.07,81,300,0,-40.00 
0.47,-37.98,81,300,0,-40.00 
0.43,-37.86,81,300,0,-40.00 
0.38,-37.71,81,300,0,-40.00 
0.32,-37.56,81,300,0,-40.00 
0.25,-37.37,81,300,0,-40.00 
0.18,-37.16,81,300,0,-40.00 
0.11,-36.94,81,300,0,-40.00 
0.03,-36.69,81,300,0,-40.00 
-0.05,-36.43,81,300,0,-40.00 
-0.14,-36.14,81,300,0,-40.00 
-0.22,-35.84,81,300,0,-40.00 
-0.31,-35.52,81,300,0,-40.00 
-0.39,-35.19,81,300,0,-40.00 
-0.47,-34.84,81,300,0,-40.00 
-0.55,-34.48,81,300,0,-40.00 
-0.62,-34.11,81,300,0,-40.00 
-0.70,-33.72,81,300,0,-40.00 
-0.77,-33.33,81,300,0,-40.00 
-0.84,-32.91,81,300,0,-40.00 
-0.91,-32.49,81,300,0,-40.00 
-0.97,-32.06,81,300,0,-40.00 
-1.03,-31.61,81,300,0,-40.00 
-1.09,-31.16,81,300,0,-40.00 
-1.14,-30.70,81,300,0,-40.00 
-1.19,-30.23,81,300,0,-40.00 
-1.23,-29.76,81,300,0,-40.00 
-1.28,-29.28,81,300,0,-40.00 
-1.32,-28.82,81,300,0,-40.00 
-1.36,-28.35,81,300,0,-40.00 
-1.40,-27.87,81,300,0,-40.00 
-1.44,-27.39,81,300,0,-40.00 
-1.47,-26.92,81,300,0,-40.00 
-1.50,-26.45,81,300,0,-40.00 
-1.53,-25.99,81,300,0,-40.00 
-1.56,-25.53,81,300,0,-40.00 
-1.58,-25.08,81,300,0,-40.00 
-1.59,-24.63,81,300,0,-40.00 
-1.60,-24.20,81,300,0,-40.00 
-1.61,-23.77,81,300,0,-40.00 
-1.61,-23.35,81,300,0,-40.00 
-1.61,-22.94,81,300,0,-40.00 
-1.62,-22.55,81,300,0,-40.00 
-1.62,-22.17,81,300,0,-40.00 
-1.62,-21.80,81,300,0,-40.00 
-1.61,-21.45,81,300,0,-40.00 
-1.59,-21.12,81,300,0,-40.00 
-1.57,-20.79,81,300,0,-40.00 
-1.54,-20.49,81,300,0,-40.00 
-1.52,-20.20,81,300,0,-40.00 
-1.49,-19.93,81,300,0,-40.00 
-1.47,-19.68,81,300,0,-40.00 
-1.44,-19.45,81,300,0,-40.00 
-1.40,-19.23,81,300,0,-40.00 
