-4.54,-45.04,57,300 
-4.53,-45.05,57,300 
-4.51,-45.05,57,300 
-4.51,-45.05,57,300 
-4.50,-45.04,57,300 
-4.50,-45.03,57,300 
-4.50,-45.03,57,300 
-4.50,-45.03,57,300 
-4.50,-45.04,57,300 
-4.50,-45.05,57,300 
-4.50,-45.05,57,300 
-4.50,-45.05,57,300 
-4.49,-45.03,57,300 
-4.48,-45.02,57,300 
-4.49,-45.01,57,300 
-4.51,-45.00,57,300 
-4.51,-45.00,57,300 
-4.51,-45.00,57,300 
-4.52,-45.00,57,300 
-4.52,-44.99,57,300 
-4.51,-44.98,57,300 
-4.52,-44.97,57,300 
-4.53,-44.97,57,300 
-4.54,-44.94,57,300 
-4.48,-44.91,57,300 
-4.40,-44.91,57,300 
-4.33,-44.89,57,300 
-4.20,-44.93,57,300 
-4.12,-45.00,57,300 
-4.05,-44.97,57,300 
-3.97,-44.90,57,300 
-3.89,-44.79,57,300 
-3.86,-44.61,57,300 
-3.80,-44.37,57,300 
-3.75,-44.07,57,300 
-3.72,-43.72,57,300 
-3.66,-43.31,57,300 
-3.61,-42.83,57,300 
-3.58,-42.31,57,300 
-3.52,-41.75,57,300 
-3.49,-41.13,57,300 
-3.47,-40.45,57,300 
-3.42,-39.71,57,300 
-3.40,-38.93,57,300 
-3.37,-38.09,57,300 
-3.34,-37.21,57,300 
-3.32,-36.28,57,300 
-3.30,-35.29,57,300 
-3.29,-34.26,57,300 
-3.27,-33.18,57,300 
-3.25,-32.04,57,300 
-3.22,-30.88,57,300 
-3.22,-29.67,57,300 
-3.21,-28.44,57,300 
-3.19,-27.15,57,300 
-3.19,-25.85,57,300 
-3.19,-24.51,57,300 
-3.18,-23.15,57,300 
-3.17,-21.75,57,300 
-3.16,-20.33,57,300 
-3.13,-18.88,57,300 
-3.08,-17.42,57,300 
-3.03,-15.96,57,300 
-2.95,-14.48,57,300 
-2.87,-12.97,57,300 
-2.80,-11.47,57,300 
-2.75,-9.98,57,300 
-2.69,-8.45,57,300 
-2.64,-6.96,57,300 
-2.59,-5.44,57,300 
-2.53,-3.94,57,300 
-2.48,-2.42,57,300 
-2.42,-0.92,57,300 
-2.37,0.56,57,300 
-2.31,2.02,57,300 
-2.26,3.49,57,300 
-2.21,4.95,57,300 
-2.17,6.40,57,300 
-2.08,7.85,57,300 
-2.01,9.29,57,300 
-1.94,10.79,57,300 
-1.91,12.14,57,300 
-1.87,13.57,57,300 
-1.84,14.95,57,300 
-1.80,16.34,57,300 
-1.77,17.70,57,300 
-1.73,19.04,57,300 
-1.70,20.37,57,300 
-1.68,21.67,57,300 
-1.66,22.95,57,300 
-1.62,24.20,57,300 
-1.59,25.42,57,300 
-1.55,26.59,57,300 
-1.51,27.75,57,300 
-1.47,28.85,57,300 
-1.43,29.92,57,300 
-1.40,30.95,57,300 
-1.37,31.94,57,300 
-1.37,32.87,57,300 
-1.34,33.77,57,300 
-1.33,34.61,57,300 
-1.31,35.39,57,300 
-1.26,36.12,57,300 
-1.21,36.80,57,300 
-1.17,37.42,57,300 
-1.11,37.99,57,300 
-1.06,38.50,57,300 
-1.00,38.94,57,300 
-0.93,39.34,57,300 
-0.86,39.68,57,300 
-0.78,39.98,57,300 
-0.69,40.21,57,300 
-0.60,40.37,57,300 
-0.51,40.47,57,300 
-0.42,40.51,57,300 
-0.33,40.50,57,300 
-0.23,40.43,57,300 
-0.15,40.30,57,300 
-0.07,40.12,57,300 
0.01,39.88,57,300 
0.08,39.58,57,300 
0.15,39.23,57,300 
0.21,38.83,57,300 
0.28,38.38,57,300 
0.33,37.86,57,300 
0.37,37.31,57,300 
0.40,36.69,57,300 
0.44,36.03,57,300 
0.46,35.30,57,300 
0.48,34.54,57,300 
0.47,33.72,57,300 
0.46,32.86,57,300 
0.44,31.94,57,300 
0.41,30.99,57,300 
0.39,29.99,57,300 
0.35,28.95,57,300 
0.30,27.86,57,300 
0.22,26.75,57,300 
0.13,25.62,57,300 
0.02,24.42,57,300 
-0.11,23.20,57,300 
-0.24,21.96,57,300 
-0.37,20.70,57,300 
-0.51,19.40,57,300 
-0.64,18.08,57,300 
-0.78,16.75,57,300 
-0.90,15.42,57,300 
-1.00,14.07,57,300 
-1.15,12.71,57,300 
-1.27,11.34,57,300 
-1.40,9.94,57,300 
-1.54,8.54,57,300 
-1.67,7.14,57,300 
-1.81,5.74,57,300 
-1.95,4.34,57,300 
-2.13,2.91,57,300 
-2.28,1.51,57,300 
-2.46,0.10,57,300 
-2.62,-1.31,57,300 
-2.78,-2.73,57,300 
-2.93,-4.16,57,300 
-3.10,-5.60,57,300 
-3.26,-7.02,57,300 
-3.40,-8.44,57,300 
-3.53,-9.90,57,300 
-3.66,-11.45,57,300 
-3.81,-12.81,57,300 
-3.95,-14.26,57,300 
-4.15,-15.72,57,300 
-4.27,-17.09,57,300 
-4.41,-18.49,57,300 
-4.53,-19.87,57,300 
-4.66,-21.21,57,300 
-4.77,-22.57,57,300 
-4.87,-23.88,57,300 
-4.96,-25.20,57,300 
-5.01,-26.48,57,300 
-5.07,-27.73,57,300 
-5.15,-28.95,57,300 
-5.20,-30.11,57,300 
-5.25,-31.26,57,300 
-5.29,-32.38,57,300 
-5.32,-33.44,57,300 
-5.32,-34.46,57,300 
-5.34,-35.44,57,300 
-5.37,-36.37,57,300 
-5.38,-37.26,57,300 
-5.42,-38.09,57,300 
-5.44,-38.87,57,300 
-5.44,-39.60,57,300 
-5.42,-40.29,57,300 
-5.41,-40.93,57,300 
-5.41,-41.50,57,300 
-5.43,-42.01,57,300 
-5.44,-42.46,57,300 
-5.47,-42.87,57,300 
-5.52,-43.21,57,300 
-5.57,-43.50,57,300 
-5.62,-43.73,57,300 
-5.68,-43.91,57,300 
-5.74,-44.04,57,300 
-5.80,-44.11,57,300 
-5.87,-44.13,57,300 
-5.93,-44.09,57,300 
-6.00,-44.00,57,300 
-6.07,-43.85,57,300 
-6.16,-43.66,57,300 
-6.25,-43.40,57,300 
-6.35,-43.09,57,300 
-6.45,-42.72,57,300 
-6.53,-42.29,57,300 
-6.61,-41.82,57,300 
-6.69,-41.27,57,300 
-6.78,-40.70,57,300 
-6.83,-40.07,57,300 
-6.88,-39.40,57,300 
-6.93,-38.67,57,300 
-6.99,-37.88,57,300 
-7.04,-37.03,57,300 
-7.09,-36.16,57,300 
-7.12,-35.23,57,300 
-7.13,-34.26,57,300 
-7.16,-33.26,57,300 
-7.18,-32.21,57,300 
-7.19,-31.13,57,300 
-7.19,-30.01,57,300 
-7.19,-28.86,57,300 
-7.19,-27.68,57,300 
-7.14,-26.48,57,300 
-7.09,-25.20,57,300 
-7.03,-23.95,57,300 
-6.95,-22.66,57,300 
-6.88,-21.34,57,300 
-6.80,-20.00,57,300 
-6.71,-18.66,57,300 
-6.65,-17.32,57,300 
-6.57,-15.93,57,300 
-6.49,-14.56,57,300 
-6.41,-13.15,57,300 
-6.33,-11.76,57,300 
-6.25,-10.35,57,300 
-6.16,-8.96,57,300 
-6.07,-7.56,57,300 
-5.99,-6.17,57,300 
-5.91,-4.78,57,300 
-5.85,-3.38,57,300 
-5.77,-2.00,57,300 
-5.71,-0.64,57,300 
-5.62,0.72,57,300 
-5.53,2.08,57,300 
-5.44,3.44,57,300 
-5.37,4.78,57,300 
-5.32,6.11,57,300 
-5.26,7.54,57,300 
-5.22,8.80,57,300 
-5.17,10.09,57,300 
-5.11,11.40,57,300 
-5.06,12.69,57,300 
-5.01,13.99,57,300 
-4.94,15.25,57,300 
-4.86,16.50,57,300 
-4.77,17.73,57,300 
-4.69,18.94,57,300 
-4.58,20.12,57,300 
-4.48,21.28,57,300 
-4.38,22.42,57,300 
-4.26,23.51,57,300 
-4.14,24.58,57,300 
-4.04,25.61,57,300 
-3.92,26.62,57,300 
-3.80,27.56,57,300 
-3.65,28.47,57,300 
-3.50,29.34,57,300 
-3.35,30.17,57,300 
-3.17,30.94,57,300 
-2.99,31.66,57,300 
-2.80,32.34,57,300 
-2.62,32.96,57,300 
-2.43,33.53,57,300 
-2.23,34.05,57,300 
-2.02,34.52,57,300 
-1.83,34.95,57,300 
-1.62,35.32,57,300 
-1.41,35.65,57,300 
-1.18,35.92,57,300 
-0.95,36.14,57,300 
-0.72,36.31,57,300 
-0.50,36.44,57,300 
-0.28,36.50,57,300 
-0.06,36.51,57,300 
0.14,36.47,57,300 
0.35,36.38,57,300 
0.53,36.23,57,300 
0.72,36.02,57,300 
0.89,35.76,57,300 
1.07,35.44,57,300 
1.24,35.08,57,300 
1.40,34.66,57,300 
1.55,34.19,57,300 
1.70,33.68,57,300 
1.83,33.12,57,300 
1.96,32.51,57,300 
2.08,31.86,57,300 
2.20,31.16,57,300 
2.32,30.43,57,300 
2.43,29.64,57,300 
2.53,28.82,57,300 
2.62,27.96,57,300 
2.71,27.08,57,300 
2.78,26.14,57,300 
2.85,25.17,57,300 
2.92,24.17,57,300 
2.95,23.14,57,300 
2.97,22.09,57,300 
2.99,21.01,57,300 
2.98,19.90,57,300 
2.96,18.78,57,300 
2.92,17.63,57,300 
2.88,16.45,57,300 
2.82,15.27,57,300 
2.74,14.06,57,300 
2.68,12.84,57,300 
2.60,11.61,57,300 
2.52,10.36,57,300 
2.41,9.12,57,300 
2.30,7.85,57,300 
2.15,6.61,57,300 
1.98,5.35,57,300 
1.78,4.10,57,300 
1.57,2.83,57,300 
1.30,1.57,57,300 
1.03,0.32,57,300 
0.75,-0.93,57,300 
0.45,-2.19,57,300 
0.14,-3.43,57,300 
-0.18,-4.68,57,300 
-0.53,-5.93,57,300 
-0.89,-7.19,57,300 
-1.28,-8.37,57,300 
-1.67,-9.57,57,300 
-2.09,-10.80,57,300 
-2.52,-12.04,57,300 
-2.95,-13.29,57,300 
-3.40,-14.49,57,300 
-3.90,-15.70,57,300 
-4.39,-16.91,57,300 
-4.87,-18.08,57,300 
-5.36,-19.26,57,300 
-5.84,-20.42,57,300 
-6.31,-21.56,57,300 
-6.78,-22.68,57,300 
-7.25,-23.77,57,300 
-7.73,-24.83,57,300 
-8.20,-25.87,57,300 
-8.67,-26.89,57,300 
-9.14,-27.87,57,300 
-9.63,-28.82,57,300 
-10.09,-29.72,57,300 
-10.54,-30.59,57,300 
-10.95,-31.43,57,300 
-11.32,-32.23,57,300 
-11.65,-33.00,57,300 
-11.90,-33.71,57,300 
-12.06,-34.44,57,300 
-12.17,-35.16,57,300 
-12.62,-35.80,57,300 
-13.05,-36.34,57,300 
-13.54,-36.83,57,300 
-13.82,-37.27,57,300 
-14.01,-37.69,57,300 
-14.21,-38.07,57,300 
-14.50,-38.39,57,300 
-14.75,-38.65,57,300 
-14.93,-38.87,57,300 
-15.09,-39.05,57,300 
-15.27,-39.18,57,300 
-15.40,-39.26,57,300 
-15.51,-39.31,57,300 
-15.61,-39.31,57,300 
-15.68,-39.26,57,300 
-15.70,-39.17,57,300 
-15.72,-39.03,57,300 
-15.69,-38.85,57,300 
-15.64,-38.62,57,300 
-15.59,-38.34,57,300 
-15.50,-38.02,57,300 
-15.39,-37.65,57,300 
-15.27,-37.22,57,300 
-15.13,-36.75,57,300 
-14.96,-36.24,57,300 
-14.78,-35.69,57,300 
-14.56,-35.09,57,300 
-14.32,-34.45,57,300 
-14.05,-33.77,57,300 
-13.75,-33.04,57,300 
-13.42,-32.26,57,300 
-13.08,-31.45,57,300 
-12.71,-30.60,57,300 
-12.29,-29.72,57,300 
-11.87,-28.83,57,300 
-11.43,-27.91,57,300 
-10.97,-26.94,57,300 
-10.51,-25.94,57,300 
-10.02,-24.93,57,300 
-9.51,-23.90,57,300 
-9.01,-22.83,57,300 
-8.49,-21.77,57,300 
-7.94,-20.68,57,300 
-7.39,-19.58,57,300 
-6.85,-18.47,57,300 
-6.29,-17.35,57,300 
-5.73,-16.20,57,300 
-5.15,-15.06,57,300 
-4.58,-13.90,57,300 
-4.01,-12.72,57,300 
-3.45,-11.57,57,300 
-2.88,-10.41,57,300 
-2.36,-9.26,57,300 
-1.91,-8.11,57,300 
-1.52,-6.95,57,300 
-1.18,-5.79,57,300 
-0.95,-4.64,57,300 
-0.68,-3.41,57,300 
-0.16,-2.26,57,300 
0.45,-1.11,57,300 
1.04,0.02,57,300 
1.47,1.14,57,300 
1.79,2.27,57,300 
2.15,3.36,57,300 
2.57,4.46,57,300 
2.97,5.55,57,300 
3.29,6.64,57,300 
3.57,7.73,57,300 
3.89,8.84,57,300 
4.18,9.91,57,300 
4.44,11.00,57,300 
4.69,12.07,57,300 
4.92,13.13,57,300 
5.11,14.19,57,300 
5.29,15.24,57,300 
5.44,16.28,57,300 
5.59,17.31,57,300 
5.72,18.32,57,300 
5.82,19.30,57,300 
5.93,20.27,57,300 
6.03,21.19,57,300 
6.14,22.08,57,300 
6.23,22.95,57,300 
6.33,23.79,57,300 
6.43,24.60,57,300 
6.53,25.39,57,300 
6.61,26.11,57,300 
6.67,26.78,57,300 
6.72,27.42,57,300 
6.77,28.02,57,300 
6.81,28.58,57,300 
6.85,29.10,57,300 
6.87,29.59,57,300 
6.90,30.03,57,300 
6.92,30.44,57,300 
6.93,30.81,57,300 
6.94,31.14,57,300 
6.95,31.43,57,300 
6.95,31.67,57,300 
6.93,31.88,57,300 
6.91,32.03,57,300 
6.89,32.14,57,300 
6.84,32.19,57,300 
6.79,32.20,57,300 
6.73,32.18,57,300 
6.64,32.10,57,300 
6.54,31.97,57,300 
6.43,31.80,57,300 
6.30,31.58,57,300 
6.16,31.33,57,300 
6.00,31.03,57,300 
5.83,30.69,57,300 
5.65,30.32,57,300 
5.44,29.91,57,300 
5.21,29.45,57,300 
4.97,28.95,57,300 
4.72,28.42,57,300 
4.44,27.84,57,300 
4.18,27.23,57,300 
3.91,26.59,57,300 
3.60,25.93,57,300 
3.29,25.25,57,300 
2.97,24.52,57,300 
2.63,23.75,57,300 
2.30,22.94,57,300 
1.96,22.10,57,300 
1.59,21.24,57,300 
1.22,20.34,57,300 
0.87,19.41,57,300 
0.52,18.47,57,300 
0.16,17.51,57,300 
-0.18,16.54,57,300 
-0.52,15.55,57,300 
-0.87,14.53,57,300 
-1.22,13.51,57,300 
-1.58,12.46,57,300 
-1.93,11.42,57,300 
-2.28,10.38,57,300 
-2.62,9.32,57,300 
-2.97,8.25,57,300 
-3.32,7.19,57,300 
-3.69,6.12,57,300 
-4.06,5.02,57,300 
-4.42,3.95,57,300 
-4.79,2.85,57,300 
-5.16,1.76,57,300 
-5.52,0.68,57,300 
-5.89,-0.41,57,300 
-6.25,-1.49,57,300 
-6.61,-2.60,57,300 
-6.95,-3.70,57,300 
-7.29,-4.80,57,300 
-7.65,-5.90,57,300 
-8.01,-7.01,57,300 
-8.38,-8.04,57,300 
-8.72,-9.22,57,300 
-9.05,-10.31,57,300 
-9.34,-11.38,57,300 
-9.62,-12.46,57,300 
-9.86,-13.53,57,300 
-10.06,-14.59,57,300 
-10.21,-15.65,57,300 
-10.33,-16.70,57,300 
-10.41,-17.73,57,300 
-10.41,-18.79,57,300 
-10.51,-19.80,57,300 
-10.81,-20.84,57,300 
-11.23,-21.80,57,300 
-11.59,-22.76,57,300 
-11.84,-23.69,57,300 
-12.01,-24.63,57,300 
-12.21,-25.54,57,300 
-12.49,-26.41,57,300 
-12.76,-27.25,57,300 
-12.96,-28.06,57,300 
-13.14,-28.85,57,300 
-13.34,-29.61,57,300 
-13.50,-30.33,57,300 
-13.63,-31.01,57,300 
-13.75,-31.64,57,300 
-13.87,-32.26,57,300 
-13.94,-32.83,57,300 
-14.01,-33.36,57,300 
-14.07,-33.83,57,300 
-14.11,-34.26,57,300 
-14.13,-34.66,57,300 
-14.14,-35.02,57,300 
-14.14,-35.32,57,300 
-14.12,-35.58,57,300 
-14.09,-35.79,57,300 
-14.04,-35.95,57,300 
-13.97,-36.08,57,300 
-13.89,-36.16,57,300 
-13.78,-36.19,57,300 
-13.67,-36.16,57,300 
-13.52,-36.09,57,300 
-13.35,-35.98,57,300 
-13.15,-35.80,57,300 
-12.94,-35.59,57,300 
-12.69,-35.33,57,300 
-12.42,-35.04,57,300 
-12.14,-34.71,57,300 
-11.85,-34.33,57,300 
-11.55,-33.90,57,300 
-11.25,-33.43,57,300 
-10.94,-32.93,57,300 
-10.64,-32.39,57,300 
-10.30,-31.81,57,300 
-9.97,-31.18,57,300 
-9.62,-30.51,57,300 
-9.28,-29.81,57,300 
-8.93,-29.09,57,300 
-8.58,-28.34,57,300 
-8.23,-27.56,57,300 
-7.88,-26.74,57,300 
-7.50,-25.87,57,300 
-7.12,-24.98,57,300 
-6.75,-24.06,57,300 
-6.39,-23.12,57,300 
-6.03,-22.16,57,300 
-5.68,-21.17,57,300 
-5.33,-20.16,57,300 
-4.97,-19.13,57,300 
-4.61,-18.08,57,300 
-4.26,-17.03,57,300 
-3.92,-15.97,57,300 
-3.59,-14.89,57,300 
-3.28,-13.81,57,300 
-3.02,-12.73,57,300 
-2.80,-11.62,57,300 
-2.64,-10.53,57,300 
-2.54,-9.43,57,300 
-2.49,-8.21,57,300 
-2.40,-7.10,57,300 
-2.14,-6.02,57,300 
-1.78,-4.93,57,300 
-1.48,-3.83,57,300 
-1.32,-2.73,57,300 
-1.20,-1.64,57,300 
-1.07,-0.55,57,300 
-0.88,0.51,57,300 
-0.73,1.56,57,300 
-0.64,2.63,57,300 
-0.51,3.67,57,300 
-0.41,4.70,57,300 
-0.35,5.75,57,300 
-0.30,6.77,57,300 
-0.24,7.79,57,300 
-0.22,8.82,57,300 
-0.23,9.83,57,300 
-0.24,10.82,57,300 
-0.28,11.81,57,300 
-0.34,12.80,57,300 
-0.38,13.76,57,300 
-0.43,14.70,57,300 
-0.47,15.66,57,300 
-0.50,16.58,57,300 
-0.53,17.48,57,300 
-0.57,18.36,57,300 
-0.59,19.23,57,300 
-0.61,20.07,57,300 
-0.61,20.90,57,300 
-0.59,21.70,57,300 
-0.59,22.48,57,300 
-0.61,23.22,57,300 
-0.64,23.94,57,300 
-0.67,24.63,57,300 
-0.72,25.28,57,300 
-0.75,25.90,57,300 
-0.78,26.47,57,300 
-0.81,27.00,57,300 
-0.86,27.49,57,300 
-0.90,27.95,57,300 
-0.95,28.36,57,300 
-1.00,28.73,57,300 
-1.03,29.05,57,300 
-1.07,29.34,57,300 
-1.10,29.59,57,300 
-1.13,29.80,57,300 
-1.16,29.97,57,300 
-1.18,30.09,57,300 
-1.21,30.17,57,300 
-1.23,30.20,57,300 
-1.26,30.20,57,300 
-1.29,30.15,57,300 
-1.31,30.06,57,300 
-1.34,29.92,57,300 
-1.36,29.74,57,300 
-1.39,29.52,57,300 
-1.41,29.27,57,300 
-1.44,28.98,57,300 
-1.47,28.65,57,300 
-1.49,28.27,57,300 
-1.51,27.87,57,300 
-1.53,27.42,57,300 
-1.56,26.93,57,300 
-1.58,26.41,57,300 
-1.60,25.85,57,300 
-1.62,25.26,57,300 
-1.63,24.63,57,300 
-1.66,23.95,57,300 
-1.68,23.26,57,300 
-1.68,22.52,57,300 
-1.68,21.75,57,300 
-1.67,20.95,57,300 
-1.66,20.14,57,300 
-1.67,19.31,57,300 
-1.68,18.46,57,300 
-1.67,17.60,57,300 
-1.67,16.72,57,300 
-1.66,15.83,57,300 
-1.65,14.92,57,300 
-1.64,13.99,57,300 
-1.64,13.04,57,300 
-1.63,12.09,57,300 
-1.63,11.13,57,300 
-1.62,10.17,57,300 
-1.61,9.21,57,300 
-1.60,8.23,57,300 
-1.59,7.24,57,300 
-1.57,6.24,57,300 
-1.55,5.24,57,300 
-1.51,4.23,57,300 
-1.45,3.21,57,300 
-1.42,2.18,57,300 
-1.38,1.17,57,300 
-1.35,0.15,57,300 
-1.31,-0.87,57,300 
-1.29,-1.89,57,300 
-1.28,-2.92,57,300 
-1.29,-3.96,57,300 
-1.30,-5.00,57,300 
-1.32,-6.03,57,300 
-1.34,-7.07,57,300 
-1.37,-8.17,57,300 
-1.43,-9.22,57,300 
-1.49,-10.28,57,300 
-1.57,-11.29,57,300 
-1.66,-12.34,57,300 
-1.76,-13.35,57,300 
-1.88,-14.36,57,300 
-2.03,-15.36,57,300 
-2.19,-16.37,57,300 
-2.36,-17.36,57,300 
-2.53,-18.34,57,300 
-2.69,-19.31,57,300 
-2.85,-20.27,57,300 
-3.01,-21.20,57,300 
-3.17,-22.12,57,300 
-3.33,-23.02,57,300 
-3.49,-23.88,57,300 
-3.66,-24.73,57,300 
-3.85,-25.55,57,300 
-4.02,-26.33,57,300 
-4.21,-27.08,57,300 
-4.40,-27.79,57,300 
-4.60,-28.47,57,300 
-4.81,-29.12,57,300 
-5.01,-29.73,57,300 
-5.22,-30.32,57,300 
-5.44,-30.87,57,300 
-5.66,-31.38,57,300 
-5.88,-31.85,57,300 
-6.10,-32.28,57,300 
-6.31,-32.67,57,300 
-6.52,-33.02,57,300 
-6.74,-33.32,57,300 
-6.96,-33.57,57,300 
-7.18,-33.78,57,300 
-7.40,-33.94,57,300 
-7.62,-34.07,57,300 
-7.83,-34.15,57,300 
-8.03,-34.21,57,300 
-8.23,-34.23,57,300 
-8.42,-34.22,57,300 
-8.60,-34.17,57,300 
-8.76,-34.09,57,300 
-8.90,-33.98,57,300 
-9.02,-33.83,57,300 
-9.11,-33.64,57,300 
-9.17,-33.41,57,300 
-9.20,-33.15,57,300 
-9.19,-32.85,57,300 
-9.15,-32.50,57,300 
-9.03,-32.14,57,300 
-8.98,-31.75,57,300 
-9.09,-31.31,57,300 
-9.30,-30.82,57,300 
-9.41,-30.29,57,300 
-9.45,-29.75,57,300 
-9.45,-29.18,57,300 
-9.49,-28.57,57,300 
-9.56,-27.92,57,300 
-9.59,-27.26,57,300 
-9.61,-26.58,57,300 
-9.64,-25.84,57,300 
-9.66,-25.08,57,300 
-9.67,-24.30,57,300 
-9.70,-23.50,57,300 
-9.72,-22.68,57,300 
-9.71,-21.86,57,300 
-9.72,-21.00,57,300 
-9.70,-20.12,57,300 
-9.68,-19.23,57,300 
-9.66,-18.33,57,300 
-9.62,-17.40,57,300 
-9.60,-16.48,57,300 
-9.56,-15.55,57,300 
-9.55,-14.62,57,300 
-9.52,-13.68,57,300 
-9.49,-12.75,57,300 
-9.45,-11.81,57,300 
-9.40,-10.85,57,300 
-9.34,-9.91,57,300 
-9.28,-8.96,57,300 
-9.21,-8.01,57,300 
-9.14,-7.05,57,300 
-9.06,-6.08,57,300 
-8.98,-5.13,57,300 
-8.89,-4.18,57,300 
-8.80,-3.24,57,300 
-8.68,-2.29,57,300 
-8.57,-1.36,57,300 
-8.44,-0.43,57,300 
-8.31,0.51,57,300 
-8.15,1.42,57,300 
-8.01,2.33,57,300 
-7.86,3.23,57,300 
-7.70,4.13,57,300 
-7.56,5.04,57,300 
-7.39,5.93,57,300 
-7.23,6.81,57,300 
-7.08,7.65,57,300 
-6.94,8.53,57,300 
-6.79,9.38,57,300 
-6.66,10.21,57,300 
-6.54,11.05,57,300 
-6.40,11.87,57,300 
-6.26,12.70,57,300 
-6.13,13.50,57,300 
-5.98,14.29,57,300 
-5.85,15.06,57,300 
-5.72,15.82,57,300 
-5.59,16.57,57,300 
-5.44,17.29,57,300 
-5.28,17.99,57,300 
-5.12,18.67,57,300 
-4.96,19.32,57,300 
-4.77,19.95,57,300 
-4.57,20.56,57,300 
-4.38,21.14,57,300 
-4.18,21.70,57,300 
-3.97,22.22,57,300 
-3.77,22.72,57,300 
-3.56,23.19,57,300 
-3.36,23.62,57,300 
-3.17,24.02,57,300 
-2.98,24.39,57,300 
-2.81,24.73,57,300 
-2.67,25.05,57,300 
-2.54,25.33,57,300 
-2.43,25.57,57,300 
-2.35,25.77,57,300 
-2.30,25.94,57,300 
-2.33,26.06,57,300 
-2.31,26.15,57,300 
-2.21,26.20,57,300 
-1.93,26.24,57,300 
-1.64,26.23,57,300 
-1.44,26.20,57,300 
-1.28,26.12,57,300 
-1.12,26.01,57,300 
-0.90,25.87,57,300 
-0.66,25.70,57,300 
-0.46,25.48,57,300 
-0.24,25.24,57,300 
-0.03,24.96,57,300 
0.16,24.64,57,300 
0.34,24.29,57,300 
0.51,23.90,57,300 
0.67,23.48,57,300 
0.83,23.03,57,300 
0.99,22.55,57,300 
1.13,22.05,57,300 
1.27,21.52,57,300 
1.39,20.96,57,300 
1.51,20.37,57,300 
1.59,19.76,57,300 
1.66,19.13,57,300 
1.71,18.48,57,300 
1.75,17.80,57,300 
1.77,17.10,57,300 
1.79,16.37,57,300 
1.81,15.64,57,300 
1.82,14.89,57,300 
1.82,14.11,57,300 
1.82,13.33,57,300 
1.82,12.55,57,300 
1.84,11.74,57,300 
1.84,10.95,57,300 
1.83,10.13,57,300 
1.80,9.30,57,300 
1.76,8.48,57,300 
1.70,7.66,57,300 
1.63,6.82,57,300 
1.52,5.98,57,300 
1.40,5.13,57,300 
1.26,4.29,57,300 
1.10,3.46,57,300 
0.92,2.62,57,300 
0.71,1.78,57,300 
0.51,0.93,57,300 
0.28,0.09,57,300 
0.06,-0.75,57,300 
-0.18,-1.58,57,300 
-0.43,-2.44,57,300 
-0.70,-3.29,57,300 
-0.98,-4.11,57,300 
-1.29,-4.96,57,300 
-1.60,-5.80,57,300 
-1.92,-6.64,57,300 
-2.26,-7.42,57,300 
-2.60,-8.19,57,300 
-2.96,-9.03,57,300 
-3.33,-9.88,57,300 
-3.70,-10.70,57,300 
-4.07,-11.54,57,300 
-4.44,-12.37,57,300 
-4.80,-13.20,57,300 
-5.15,-14.02,57,300 
-5.50,-14.83,57,300 
-5.85,-15.64,57,300 
-6.19,-16.44,57,300 
-6.54,-17.23,57,300 
-6.86,-18.00,57,300 
-7.18,-18.77,57,300 
-7.49,-19.52,57,300 
-7.79,-20.26,57,300 
-8.06,-20.99,57,300 
-8.33,-21.69,57,300 
-8.60,-22.39,57,300 
-8.86,-23.06,57,300 
-9.12,-23.69,57,300 
-9.38,-24.32,57,300 
-9.62,-24.92,57,300 
-9.85,-25.50,57,300 
-10.04,-26.05,57,300 
-10.21,-26.58,57,300 
-10.31,-27.06,57,300 
-10.38,-27.49,57,300 
-10.39,-27.89,57,300 
-10.34,-28.28,57,300 
-10.40,-28.68,57,300 
-10.64,-29.02,57,300 
-10.92,-29.32,57,300 
-11.08,-29.60,57,300 
-11.14,-29.84,57,300 
-11.18,-30.07,57,300 
-11.27,-30.25,57,300 
-11.37,-30.38,57,300 
-11.40,-30.48,57,300 
-11.39,-30.55,57,300 
-11.41,-30.59,57,300 
-11.39,-30.60,57,300 
-11.34,-30.58,57,300 
-11.29,-30.52,57,300 
-11.21,-30.42,57,300 
-11.11,-30.30,57,300 
-10.99,-30.13,57,300 
-10.86,-29.93,57,300 
-10.70,-29.68,57,300 
-10.54,-29.41,57,300 
-10.38,-29.09,57,300 
-10.22,-28.76,57,300 
-10.05,-28.38,57,300 
-9.89,-27.99,57,300 
-9.70,-27.55,57,300 
-9.51,-27.09,57,300 
-9.32,-26.59,57,300 
-9.12,-26.06,57,300 
-8.93,-25.50,57,300 
-8.74,-24.91,57,300 
-8.55,-24.29,57,300 
-8.37,-23.66,57,300 
-8.19,-23.00,57,300 
-8.02,-22.32,57,300 
-7.85,-21.60,57,300 
-7.68,-20.88,57,300 
-7.51,-20.13,57,300 
-7.31,-19.38,57,300 
-7.11,-18.62,57,300 
-6.91,-17.85,57,300 
-6.69,-17.05,57,300 
-6.47,-16.26,57,300 
-6.22,-15.47,57,300 
-5.98,-14.63,57,300 
-5.72,-13.81,57,300 
-5.46,-13.01,57,300 
-5.17,-12.19,57,300 
-4.87,-11.38,57,300 
-4.55,-10.58,57,300 
-4.23,-9.76,57,300 
-3.88,-8.95,57,300 
-3.53,-8.15,57,300 
-3.18,-7.33,57,300 
-2.84,-6.52,57,300 
-2.53,-5.71,57,300 
-2.25,-4.90,57,300 
-2.02,-4.09,57,300 
-1.81,-3.29,57,300 
-1.66,-2.48,57,300 
-1.53,-1.69,57,300 
-1.40,-0.86,57,300 
-1.33,-0.16,57,300 
-1.09,0.61,57,300 
-0.69,1.33,57,300 
-0.31,2.06,57,300 
-0.06,2.77,57,300 
0.13,3.48,57,300 
0.34,4.18,57,300 
0.61,4.89,57,300 
0.86,5.59,57,300 
1.06,6.27,57,300 
1.26,6.96,57,300 
1.48,7.66,57,300 
1.65,8.35,57,300 
1.82,9.02,57,300 
1.97,9.68,57,300 
2.09,10.35,57,300 
2.19,11.00,57,300 
2.28,11.64,57,300 
2.36,12.28,57,300 
2.41,12.91,57,300 
2.46,13.52,57,300 
2.51,14.13,57,300 
2.54,14.73,57,300 
2.57,15.31,57,300 
2.59,15.88,57,300 
2.60,16.43,57,300 
2.60,16.97,57,300 
2.60,17.48,57,300 
2.61,17.97,57,300 
2.59,18.44,57,300 
2.58,18.88,57,300 
2.55,19.28,57,300 
2.51,19.67,57,300 
2.46,20.02,57,300 
2.40,20.36,57,300 
2.33,20.66,57,300 
2.23,20.94,57,300 
2.13,21.20,57,300 
2.01,21.43,57,300 
1.87,21.63,57,300 
1.71,21.80,57,300 
1.53,21.95,57,300 
1.35,22.06,57,300 
1.15,22.14,57,300 
0.94,22.20,57,300 
0.73,22.22,57,300 
0.52,22.21,57,300 
0.31,22.17,57,300 
0.10,22.11,57,300 
-0.10,22.01,57,300 
-0.29,21.89,57,300 
-0.49,21.75,57,300 
-0.68,21.58,57,300 
-0.87,21.37,57,300 
-1.07,21.16,57,300 
-1.27,20.91,57,300 
-1.50,20.64,57,300 
-1.72,20.36,57,300 
-1.94,20.05,57,300 
-2.17,19.72,57,300 
-2.40,19.37,57,300 
-2.62,19.00,57,300 
-2.86,18.61,57,300 
-3.10,18.21,57,300 
-3.34,17.78,57,300 
-3.58,17.34,57,300 
-3.83,16.87,57,300 
-4.07,16.41,57,300 
-4.33,15.93,57,300 
-4.57,15.44,57,300 
-4.82,14.94,57,300 
-5.08,14.42,57,300 
-5.35,13.89,57,300 
-5.63,13.33,57,300 
-5.90,12.76,57,300 
-6.16,12.18,57,300 
-6.41,11.61,57,300 
-6.67,11.02,57,300 
-6.92,10.45,57,300 
-7.17,9.87,57,300 
-7.41,9.27,57,300 
-7.64,8.68,57,300 
-7.88,8.06,57,300 
-8.11,7.45,57,300 
-8.33,6.83,57,300 
-8.56,6.20,57,300 
-8.79,5.56,57,300 
-9.02,4.92,57,300 
-9.21,4.29,57,300 
-9.38,3.64,57,300 
-9.50,2.99,57,300 
-9.58,2.33,57,300 
-9.62,1.66,57,300 
-9.60,0.99,57,300 
-9.56,0.34,57,300 
-9.51,-0.32,57,300 
-9.62,-1.00,57,300 
-9.87,-1.66,57,300 
-10.09,-2.36,57,300 
-10.20,-3.04,57,300 
-10.25,-3.74,57,300 
-10.29,-4.41,57,300 
-10.42,-5.10,57,300 
-10.57,-5.78,57,300 
-10.68,-6.47,57,300 
-10.75,-7.19,57,300 
-10.85,-7.86,57,300 
-10.94,-8.53,57,300 
-11.02,-9.20,57,300 
-11.08,-9.86,57,300 
-11.15,-10.52,57,300 
-11.19,-11.16,57,300 
-11.22,-11.81,57,300 
-11.26,-12.43,57,300 
-11.28,-13.07,57,300 
-11.28,-13.70,57,300 
-11.28,-14.33,57,300 
-11.28,-14.96,57,300 
-11.29,-15.60,57,300 
-11.30,-16.23,57,300 
-11.30,-16.86,57,300 
-11.29,-17.48,57,300 
-11.28,-18.08,57,300 
-11.28,-18.67,57,300 
-11.27,-19.24,57,300 
-11.27,-19.80,57,300 
-11.26,-20.33,57,300 
-11.24,-20.85,57,300 
-11.23,-21.35,57,300 
-11.21,-21.83,57,300 
-11.20,-22.31,57,300 
-11.17,-22.75,57,300 
-11.13,-23.17,57,300 
-11.09,-23.58,57,300 
-11.05,-23.97,57,300 
-11.01,-24.33,57,300 
-10.96,-24.67,57,300 
-10.90,-24.98,57,300 
-10.84,-25.27,57,300 
-10.77,-25.52,57,300 
-10.69,-25.75,57,300 
-10.60,-25.96,57,300 
-10.52,-26.14,57,300 
-10.41,-26.29,57,300 
-10.29,-26.43,57,300 
-10.16,-26.55,57,300 
-10.02,-26.64,57,300 
-9.86,-26.70,57,300 
-9.69,-26.73,57,300 
-9.50,-26.73,57,300 
-9.31,-26.69,57,300 
-9.10,-26.61,57,300 
-8.90,-26.50,57,300 
-8.70,-26.35,57,300 
-8.49,-26.18,57,300 
-8.28,-25.97,57,300 
-8.06,-25.73,57,300 
-7.85,-25.45,57,300 
-7.64,-25.14,57,300 
-7.42,-24.81,57,300 
-7.19,-24.45,57,300 
-6.95,-24.06,57,300 
-6.69,-23.65,57,300 
-6.43,-23.22,57,300 
-6.18,-22.77,57,300 
-5.94,-22.29,57,300 
-5.69,-21.79,57,300 
-5.45,-21.27,57,300 
-5.21,-20.74,57,300 
-4.97,-20.18,57,300 
-4.74,-19.60,57,300 
-4.50,-19.01,57,300 
-4.25,-18.41,57,300 
-3.99,-17.79,57,300 
-3.73,-17.17,57,300 
-3.48,-16.53,57,300 
-3.23,-15.87,57,300 
-3.00,-15.21,57,300 
-2.76,-14.53,57,300 
-2.54,-13.84,57,300 
-2.37,-13.14,57,300 
-2.24,-12.46,57,300 
-2.14,-11.76,57,300 
-2.08,-11.05,57,300 
-2.07,-10.34,57,300 
-2.14,-9.62,57,300 
-2.18,-8.92,57,300 
-2.12,-8.23,57,300 
-1.94,-7.53,57,300 
-1.73,-6.81,57,300 
-1.63,-6.09,57,300 
-1.59,-5.37,57,300 
-1.55,-4.66,57,300 
-1.48,-3.95,57,300 
-1.43,-3.24,57,300 
-1.43,-2.53,57,300 
-1.42,-1.82,57,300 
-1.43,-1.14,57,300 
-1.45,-0.46,57,300 
-1.49,0.19,57,300 
-1.53,0.86,57,300 
-1.59,1.49,57,300 
-1.64,2.13,57,300 
-1.69,2.75,57,300 
-1.76,3.38,57,300 
-1.84,3.99,57,300 
-1.92,4.59,57,300 
-2.01,5.17,57,300 
-2.08,5.75,57,300 
-2.15,6.33,57,300 
-2.22,6.90,57,300 
-2.28,7.47,57,300 
-2.34,8.02,57,300 
-2.39,8.56,57,300 
-2.44,9.08,57,300 
-2.49,9.59,57,300 
-2.54,10.09,57,300 
-2.59,10.57,57,300 
-2.66,11.06,57,300 
-2.72,11.54,57,300 
-2.79,12.01,57,300 
-2.85,12.46,57,300 
-2.93,12.91,57,300 
-3.01,13.34,57,300 
-3.09,13.76,57,300 
-3.17,14.17,57,300 
-3.25,14.58,57,300 
-3.33,14.96,57,300 
-3.40,15.33,57,300 
-3.48,15.68,57,300 
-3.55,16.01,57,300 
-3.62,16.34,57,300 
-3.69,16.64,57,300 
-3.74,16.93,57,300 
-3.81,17.20,57,300 
-3.87,17.46,57,300 
-3.92,17.69,57,300 
-3.97,17.91,57,300 
-4.02,18.11,57,300 
-4.08,18.28,57,300 
-4.13,18.43,57,300 
-4.18,18.57,57,300 
-4.23,18.67,57,300 
-4.28,18.77,57,300 
-4.33,18.84,57,300 
-4.37,18.88,57,300 
-4.42,18.90,57,300 
-4.46,18.90,57,300 
-4.50,18.88,57,300 
-4.53,18.82,57,300 
-4.57,18.76,57,300 
-4.61,18.67,57,300 
-4.66,18.56,57,300 
-4.69,18.43,57,300 
-4.73,18.28,57,300 
-4.76,18.11,57,300 
-4.80,17.92,57,300 
-4.83,17.72,57,300 
-4.87,17.49,57,300 
-4.90,17.24,57,300 
-4.93,16.98,57,300 
-4.97,16.70,57,300 
-5.00,16.41,57,300 
-5.03,16.10,57,300 
-5.07,15.76,57,300 
-5.10,15.42,57,300 
-5.14,15.05,57,300 
-5.19,14.67,57,300 
-5.22,14.27,57,300 
-5.25,13.87,57,300 
-5.27,13.45,57,300 
-5.28,13.03,57,300 
-5.28,12.58,57,300 
-5.27,12.14,57,300 
-5.26,11.68,57,300 
-5.24,11.22,57,300 
-5.22,10.75,57,300 
-5.18,10.26,57,300 
-5.14,9.76,57,300 
-5.10,9.25,57,300 
-5.04,8.73,57,300 
-4.98,8.22,57,300 
-4.91,7.72,57,300 
-4.82,7.20,57,300 
-4.71,6.67,57,300 
-4.61,6.13,57,300 
-4.50,5.58,57,300 
-4.39,5.04,57,300 
-4.29,4.49,57,300 
-4.19,3.92,57,300 
-4.09,3.36,57,300 
-3.99,2.78,57,300 
-3.89,2.19,57,300 
-3.77,1.60,57,300 
-3.67,1.02,57,300 
-3.57,0.43,57,300 
-3.47,-0.15,57,300 
-3.38,-0.73,57,300 
-3.29,-1.32,57,300 
-3.18,-1.91,57,300 
-3.07,-2.52,57,300 
-2.97,-3.14,57,300 
-2.87,-3.74,57,300 
-2.78,-4.36,57,300 
-2.70,-4.99,57,300 
-2.64,-5.61,57,300 
-2.59,-6.25,57,300 
-2.54,-6.85,57,300 
-2.52,-7.51,57,300 
-2.50,-8.12,57,300 
-2.46,-8.75,57,300 
-2.42,-9.37,57,300 
-2.39,-9.99,57,300 
-2.37,-10.61,57,300 
-2.35,-11.23,57,300 
-2.34,-11.85,57,300 
-2.33,-12.46,57,300 
-2.33,-13.07,57,300 
-2.34,-13.68,57,300 
-2.38,-14.27,57,300 
-2.43,-14.86,57,300 
-2.51,-15.46,57,300 
-2.59,-16.04,57,300 
-2.66,-16.60,57,300 
-2.73,-17.15,57,300 
-2.80,-17.68,57,300 
-2.88,-18.20,57,300 
-2.95,-18.70,57,300 
-3.02,-19.19,57,300 
-3.09,-19.67,57,300 
-3.17,-20.14,57,300 
-3.24,-20.60,57,300 
-3.30,-21.03,57,300 
-3.37,-21.43,57,300 
-3.43,-21.82,57,300 
-3.50,-22.19,57,300 
-3.57,-22.53,57,300 
-3.63,-22.85,57,300 
-3.71,-23.14,57,300 
-3.79,-23.40,57,300 
-3.88,-23.63,57,300 
-3.97,-23.84,57,300 
-4.06,-24.03,57,300 
-4.16,-24.19,57,300 
-4.26,-24.33,57,300 
-4.34,-24.45,57,300 
-4.43,-24.54,57,300 
-4.51,-24.61,57,300 
-4.57,-24.65,57,300 
-4.64,-24.65,57,300 
-4.71,-24.64,57,300 
-4.78,-24.60,57,300 
-4.86,-24.53,57,300 
-4.92,-24.43,57,300 
-4.97,-24.31,57,300 
-5.03,-24.17,57,300 
-5.09,-24.00,57,300 
-5.16,-23.81,57,300 
-5.23,-23.61,57,300 
-5.30,-23.38,57,300 
-5.36,-23.12,57,300 
-5.43,-22.83,57,300 
-5.50,-22.52,57,300 
-5.57,-22.18,57,300 
-5.64,-21.82,57,300 
-5.70,-21.45,57,300 
-5.74,-21.07,57,300 
-5.78,-20.68,57,300 
-5.81,-20.27,57,300 
-5.82,-19.86,57,300 
-5.82,-19.42,57,300 
-5.81,-18.96,57,300 
-5.79,-18.48,57,300 
-5.75,-18.01,57,300 
-5.71,-17.52,57,300 
-5.66,-17.02,57,300 
-5.60,-16.51,57,300 
-5.52,-15.99,57,300 
-5.44,-15.45,57,300 
-5.35,-14.91,57,300 
-5.24,-14.34,57,300 
-5.11,-13.78,57,300 
-4.98,-13.24,57,300 
-4.83,-12.69,57,300 
-4.67,-12.14,57,300 
-4.50,-11.59,57,300 
-4.32,-11.03,57,300 
-4.11,-10.48,57,300 
-3.89,-9.92,57,300 
-3.66,-9.36,57,300 
-3.42,-8.80,57,300 
-3.16,-8.26,57,300 
-2.92,-7.71,57,300 
-2.66,-7.15,57,300 
-2.40,-6.60,57,300 
-2.15,-6.06,57,300 
-1.92,-5.51,57,300 
-1.68,-4.98,57,300 
-1.45,-4.43,57,300 
-1.22,-3.90,57,300 
-1.00,-3.36,57,300 
-0.80,-2.83,57,300 
-0.63,-2.30,57,300 
-0.47,-1.79,57,300 
-0.31,-1.27,57,300 
-0.17,-0.77,57,300 
-0.03,-0.28,57,300 
0.09,0.19,57,300 
0.19,0.65,57,300 
0.27,1.10,57,300 
0.33,1.55,57,300 
0.38,2.00,57,300 
0.41,2.45,57,300 
0.43,2.90,57,300 
0.44,3.32,57,300 
0.45,3.75,57,300 
0.46,4.17,57,300 
0.46,4.58,57,300 
0.43,4.98,57,300 
0.37,5.38,57,300 
0.31,5.79,57,300 
0.25,6.19,57,300 
0.17,6.57,57,300 
0.08,6.96,57,300 
-0.03,7.33,57,300 
-0.14,7.70,57,300 
-0.24,8.06,57,300 
-0.34,8.42,57,300 
-0.44,8.76,57,300 
-0.54,9.10,57,300 
-0.61,9.42,57,300 
-0.69,9.72,57,300 
-0.75,10.03,57,300 
-0.80,10.31,57,300 
