-6.29,0.06,86,300 
-6.29,0.05,86,300 
-6.29,0.04,86,300 
-6.29,0.03,86,300 
-6.29,0.02,86,300 
-6.29,-0.01,86,300 
-6.30,-0.03,86,300 
-6.30,-0.05,86,300 
-6.30,-0.06,86,300 
-6.30,-0.06,86,300 
-6.30,-0.07,86,300 
-6.30,-0.07,86,300 
-6.30,-0.08,86,300 
-6.29,-0.08,86,300 
-6.29,-0.09,86,300 
-6.29,-0.09,86,300 
-6.29,-0.09,86,300 
-6.28,-0.10,86,300 
-6.28,-0.10,86,300 
-6.27,-0.10,86,300 
-6.26,-0.10,86,300 
-6.26,-0.10,86,300 
-6.26,-0.10,86,300 
-6.25,-0.09,86,300 
-6.25,-0.10,86,300 
-6.24,-0.10,86,300 
-6.24,-0.10,86,300 
-6.24,-0.09,86,300 
-6.24,-0.07,86,300 
-6.25,-0.06,86,300 
-6.25,-0.05,86,300 
-6.25,-0.04,86,300 
-6.25,-0.04,86,300 
-6.25,-0.03,86,300 
-6.25,-0.04,86,300 
-6.25,-0.05,86,300 
-6.25,-0.05,86,300 
-6.26,-0.04,86,300 
-6.26,-0.05,86,300 
-6.26,-0.05,86,300 
-6.26,-0.05,86,300 
-6.26,-0.06,86,300 
-6.26,-0.06,86,300 
-6.25,-0.07,86,300 
-6.24,-0.07,86,300 
-6.24,-0.07,86,300 
-6.23,-0.06,86,300 
-6.22,-0.06,86,300 
-6.21,-0.06,86,300 
-6.21,-0.05,86,300 
-6.20,-0.05,86,300 
-6.20,-0.05,86,300 
-6.20,-0.04,86,300 
-6.22,-0.04,86,300 
-6.22,-0.04,86,300 
-6.21,-0.02,86,300 
-6.21,-0.02,86,300 
-6.21,-0.01,86,300 
-6.20,-0.02,86,300 
-6.21,-0.01,86,300 
-6.21,-0.01,86,300 
-6.20,-0.01,86,300 
-6.21,-0.01,86,300 
-6.21,-0.00,86,300 
-6.22,-0.01,86,300 
-6.22,-0.03,86,300 
-6.21,-0.04,86,300 
-6.20,-0.06,86,300 
-6.19,-0.06,86,300 
-6.17,-0.04,86,300 
-6.16,-0.02,86,300 
-6.14,-0.02,86,300 
-6.12,-0.04,86,300 
-6.11,-0.06,86,300 
-6.09,-0.07,86,300 
-6.09,-0.06,86,300 
-6.08,-0.03,86,300 
-6.07,0.00,86,300 
-6.08,0.04,86,300 
-6.08,0.08,86,300 
-6.05,0.11,86,300 
-6.01,0.14,86,300 
-5.96,0.14,86,300 
-5.90,0.13,86,300 
-5.81,0.14,86,300 
-5.74,0.07,86,300 
-5.67,-0.03,86,300 
-5.61,-0.15,86,300 
-5.57,-0.31,86,300 
-5.53,-0.52,86,300 
-5.48,-0.77,86,300 
-5.46,-1.08,86,300 
-5.42,-1.42,86,300 
-5.41,-1.81,86,300 
-5.40,-2.24,86,300 
-5.40,-2.72,86,300 
-5.41,-3.23,86,300 
-5.43,-3.79,86,300 
-5.45,-4.40,86,300 
-5.48,-5.05,86,300 
-5.52,-5.75,86,300 
-5.58,-6.47,86,300 
-5.65,-7.24,86,300 
-5.73,-8.06,86,300 
-5.82,-8.92,86,300 
-5.92,-9.81,86,300 
-6.04,-10.75,86,300 
-6.16,-11.74,86,300 
-6.30,-12.78,86,300 
-6.47,-13.86,86,300 
-6.63,-14.96,86,300 
-6.82,-16.10,86,300 
-7.01,-17.29,86,300 
-7.22,-18.49,86,300 
-7.43,-19.73,86,300 
-7.66,-21.01,86,300 
-7.89,-22.30,86,300 
-8.13,-23.63,86,300 
-8.35,-24.95,86,300 
-8.60,-26.31,86,300 
-8.84,-27.67,86,300 
-9.07,-29.07,86,300 
-9.31,-30.45,86,300 
-9.58,-31.88,86,300 
-9.85,-33.29,86,300 
-10.13,-34.72,86,300 
-10.39,-36.12,86,300 
-10.65,-37.52,86,300 
-10.94,-38.89,86,300 
-11.23,-40.27,86,300 
-11.53,-41.63,86,300 
-11.82,-42.98,86,300 
-12.10,-44.26,86,300 
-12.37,-45.53,86,300 
-12.62,-46.80,86,300 
-12.88,-48.03,86,300 
-13.15,-49.23,86,300 
-13.42,-50.39,86,300 
-13.67,-51.52,86,300 
-13.92,-52.64,86,300 
-14.21,-53.71,86,300 
-14.48,-54.76,86,300 
-14.79,-55.78,86,300 
-15.14,-56.75,86,300 
-15.48,-57.73,86,300 
-15.85,-58.66,86,300 
-16.17,-59.51,86,300 
-16.48,-60.27,86,300 
-16.79,-61.02,86,300 
-17.07,-61.71,86,300 
-17.37,-62.39,86,300 
-17.68,-63.02,86,300 
-17.98,-63.63,86,300 
-18.23,-64.22,86,300 
-18.51,-64.80,86,300 
-18.84,-65.34,86,300 
-19.14,-65.85,86,300 
-19.45,-66.32,86,300 
-19.75,-66.77,86,300 
-20.04,-67.17,86,300 
-20.30,-67.55,86,300 
-20.54,-67.89,86,300 
-20.78,-68.21,86,300 
-21.00,-68.50,86,300 
-21.22,-68.77,86,300 
-21.46,-69.01,86,300 
-21.69,-69.22,86,300 
-21.92,-69.41,86,300 
-22.15,-69.59,86,300 
-22.37,-69.73,86,300 
-22.58,-69.84,86,300 
-22.75,-69.92,86,300 
-22.93,-69.97,86,300 
-23.10,-69.99,86,300 
-23.24,-69.98,86,300 
-23.37,-69.94,86,300 
-23.48,-69.87,86,300 
-23.56,-69.76,86,300 
-23.61,-69.63,86,300 
-23.65,-69.48,86,300 
-23.70,-69.30,86,300 
-23.73,-69.11,86,300 
-23.75,-68.90,86,300 
-23.76,-68.66,86,300 
-23.77,-68.42,86,300 
-23.77,-68.15,86,300 
-23.76,-67.85,86,300 
-23.74,-67.52,86,300 
-23.70,-67.15,86,300 
-23.62,-66.73,86,300 
-23.53,-66.29,86,300 
-23.42,-65.84,86,300 
-23.30,-65.36,86,300 
-23.20,-64.89,86,300 
-23.08,-64.39,86,300 
-22.97,-63.87,86,300 
-22.86,-63.31,86,300 
-22.75,-62.71,86,300 
-22.64,-62.08,86,300 
-22.50,-61.44,86,300 
-22.36,-60.77,86,300 
-22.18,-60.06,86,300 
-21.94,-59.33,86,300 
-21.68,-58.55,86,300 
-21.41,-57.71,86,300 
-21.12,-56.83,86,300 
-20.84,-55.93,86,300 
-20.56,-55.00,86,300 
-20.27,-54.03,86,300 
-19.96,-53.02,86,300 
-19.67,-52.01,86,300 
-19.37,-50.95,86,300 
-19.00,-49.86,86,300 
-18.63,-48.70,86,300 
-18.19,-47.54,86,300 
-17.81,-46.37,86,300 
-17.40,-45.16,86,300 
-16.95,-43.93,86,300 
-16.53,-42.73,86,300 
-16.11,-41.50,86,300 
-15.68,-40.21,86,300 
-15.26,-38.92,86,300 
-14.85,-37.61,86,300 
-14.48,-36.28,86,300 
-14.12,-34.96,86,300 
-13.78,-33.63,86,300 
-13.45,-32.30,86,300 
-13.11,-30.96,86,300 
-12.78,-29.64,86,300 
-12.48,-28.31,86,300 
-12.18,-27.00,86,300 
-11.90,-25.68,86,300 
-11.62,-24.40,86,300 
-11.35,-23.11,86,300 
-11.10,-21.85,86,300 
-10.86,-20.62,86,300 
-10.64,-19.40,86,300 
-10.44,-18.23,86,300 
-10.25,-17.09,86,300 
-10.06,-15.97,86,300 
-9.88,-14.85,86,300 
-9.73,-13.80,86,300 
-9.58,-12.80,86,300 
-9.45,-11.82,86,300 
-9.33,-10.87,86,300 
-9.22,-9.98,86,300 
-9.11,-9.13,86,300 
-8.99,-8.34,86,300 
-8.89,-7.58,86,300 
-8.79,-6.88,86,300 
-8.70,-6.22,86,300 
-8.60,-5.60,86,300 
-8.50,-5.02,86,300 
-8.42,-4.50,86,300 
-8.33,-4.01,86,300 
-8.25,-3.56,86,300 
-8.18,-3.18,86,300 
-8.11,-2.84,86,300 
-8.06,-2.53,86,300 
-8.00,-2.27,86,300 
-7.96,-2.07,86,300 
-7.91,-1.92,86,300 
-7.86,-1.82,86,300 
-7.82,-1.77,86,300 
-7.77,-1.76,86,300 
-7.73,-1.80,86,300 
-7.69,-1.89,86,300 
-7.65,-2.03,86,300 
-7.61,-2.22,86,300 
-7.57,-2.46,86,300 
-7.54,-2.75,86,300 
-7.50,-3.08,86,300 
-7.46,-3.45,86,300 
-7.41,-3.87,86,300 
-7.37,-4.33,86,300 
-7.33,-4.84,86,300 
-7.28,-5.39,86,300 
-7.24,-5.98,86,300 
-7.20,-6.62,86,300 
-7.16,-7.30,86,300 
-7.13,-8.03,86,300 
-7.11,-8.79,86,300 
-7.08,-9.60,86,300 
-7.05,-10.46,86,300 
-7.02,-11.35,86,300 
-7.00,-12.29,86,300 
-7.00,-13.26,86,300 
-7.00,-14.26,86,300 
-7.01,-15.31,86,300 
-7.04,-16.39,86,300 
-7.07,-17.50,86,300 
-7.11,-18.65,86,300 
-7.15,-19.82,86,300 
-7.20,-21.00,86,300 
-7.25,-22.23,86,300 
-7.32,-23.46,86,300 
-7.40,-24.71,86,300 
-7.47,-25.99,86,300 
-7.54,-27.27,86,300 
-7.66,-28.59,86,300 
-7.83,-29.90,86,300 
-8.02,-31.22,86,300 
-8.19,-32.53,86,300 
-8.36,-33.84,86,300 
-8.56,-35.15,86,300 
-8.82,-36.46,86,300 
-9.10,-37.76,86,300 
-9.35,-39.04,86,300 
-9.58,-40.32,86,300 
-9.85,-41.58,86,300 
-10.14,-42.82,86,300 
-10.43,-44.02,86,300 
-10.71,-45.22,86,300 
-11.02,-46.38,86,300 
-11.32,-47.54,86,300 
-11.58,-48.63,86,300 
-11.85,-49.69,86,300 
-12.11,-50.79,86,300 
-12.38,-51.79,86,300 
-12.63,-52.75,86,300 
-12.86,-53.68,86,300 
-13.10,-54.58,86,300 
-13.34,-55.47,86,300 
-13.61,-56.31,86,300 
-13.81,-57.16,86,300 
-14.09,-57.96,86,300 
-14.42,-58.71,86,300 
-14.71,-59.41,86,300 
-14.99,-60.04,86,300 
-15.25,-60.65,86,300 
-15.49,-61.19,86,300 
-15.72,-61.71,86,300 
-15.93,-62.19,86,300 
-16.09,-62.64,86,300 
-16.29,-63.08,86,300 
-16.44,-63.46,86,300 
-16.61,-63.82,86,300 
-16.77,-64.13,86,300 
-16.90,-64.41,86,300 
-17.05,-64.67,86,300 
-17.17,-64.89,86,300 
-17.32,-65.11,86,300 
-17.45,-65.29,86,300 
-17.59,-65.47,86,300 
-17.72,-65.62,86,300 
-17.84,-65.73,86,300 
-17.96,-65.83,86,300 
-18.08,-65.91,86,300 
-18.19,-65.95,86,300 
-18.28,-65.96,86,300 
-18.37,-65.95,86,300 
-18.46,-65.90,86,300 
-18.53,-65.83,86,300 
-18.60,-65.73,86,300 
-18.66,-65.61,86,300 
-18.72,-65.47,86,300 
-18.76,-65.30,86,300 
-18.80,-65.12,86,300 
-18.84,-64.92,86,300 
-18.87,-64.70,86,300 
-18.91,-64.46,86,300 
-18.94,-64.20,86,300 
-18.96,-63.90,86,300 
-18.99,-63.59,86,300 
-19.01,-63.22,86,300 
-19.04,-62.83,86,300 
-19.06,-62.41,86,300 
-19.07,-61.97,86,300 
-19.07,-61.51,86,300 
-19.05,-61.03,86,300 
-19.01,-60.51,86,300 
-18.97,-59.97,86,300 
-18.91,-59.38,86,300 
-18.78,-58.71,86,300 
-18.59,-58.02,86,300 
-18.45,-57.28,86,300 
-18.26,-56.51,86,300 
-18.07,-55.72,86,300 
-17.87,-54.89,86,300 
-17.66,-54.03,86,300 
-17.45,-53.14,86,300 
-17.24,-52.24,86,300 
-17.02,-51.29,86,300 
-16.75,-50.34,86,300 
-16.48,-49.34,86,300 
-16.25,-48.30,86,300 
-15.93,-47.24,86,300 
-15.65,-46.09,86,300 
-15.30,-44.97,86,300 
-15.01,-43.88,86,300 
-14.66,-42.68,86,300 
-14.33,-41.52,86,300 
-13.96,-40.35,86,300 
-13.62,-39.14,86,300 
-13.26,-37.90,86,300 
-12.92,-36.66,86,300 
-12.56,-35.43,86,300 
-12.24,-34.17,86,300 
-11.92,-32.90,86,300 
-11.64,-31.66,86,300 
-11.36,-30.41,86,300 
-11.09,-29.16,86,300 
-10.86,-27.91,86,300 
-10.62,-26.68,86,300 
-10.40,-25.43,86,300 
-10.18,-24.22,86,300 
-9.97,-23.02,86,300 
-9.79,-21.86,86,300 
-9.64,-20.71,86,300 
-9.48,-19.58,86,300 
-9.34,-18.49,86,300 
-9.21,-17.43,86,300 
-9.09,-16.38,86,300 
-8.99,-15.38,86,300 
-8.88,-14.42,86,300 
-8.80,-13.48,86,300 
-8.72,-12.58,86,300 
-8.66,-11.73,86,300 
-8.59,-10.92,86,300 
-8.51,-10.15,86,300 
-8.46,-9.42,86,300 
-8.41,-8.74,86,300 
-8.36,-8.11,86,300 
-8.33,-7.51,86,300 
-8.29,-6.97,86,300 
-8.27,-6.46,86,300 
-8.24,-6.01,86,300 
-8.23,-5.60,86,300 
-8.23,-5.23,86,300 
-8.23,-4.92,86,300 
-8.25,-4.64,86,300 
-8.27,-4.41,86,300 
-8.30,-4.23,86,300 
-8.34,-4.10,86,300 
-8.39,-4.01,86,300 
-8.45,-3.96,86,300 
-8.52,-3.97,86,300 
-8.59,-4.01,86,300 
-8.67,-4.09,86,300 
-8.76,-4.23,86,300 
-8.85,-4.42,86,300 
-8.96,-4.63,86,300 
-9.09,-4.90,86,300 
-9.22,-5.20,86,300 
-9.36,-5.56,86,300 
-9.51,-5.95,86,300 
-9.67,-6.39,86,300 
-9.82,-6.88,86,300 
-9.98,-7.41,86,300 
-10.15,-7.98,86,300 
-10.33,-8.60,86,300 
-10.49,-9.27,86,300 
-10.64,-9.98,86,300 
-10.78,-10.75,86,300 
-10.92,-11.53,86,300 
-11.06,-12.38,86,300 
-11.19,-13.26,86,300 
-11.30,-14.17,86,300 
-11.41,-15.12,86,300 
-11.51,-16.08,86,300 
-11.60,-17.11,86,300 
-11.69,-18.15,86,300 
-11.76,-19.25,86,300 
-11.82,-20.35,86,300 
-11.89,-21.51,86,300 
-11.95,-22.67,86,300 
-12.01,-23.85,86,300 
-12.06,-25.05,86,300 
-12.10,-26.26,86,300 
-12.14,-27.50,86,300 
-12.16,-28.74,86,300 
-12.19,-30.01,86,300 
-12.22,-31.26,86,300 
-12.24,-32.53,86,300 
-12.27,-33.78,86,300 
-12.30,-35.04,86,300 
-12.32,-36.29,86,300 
-12.37,-37.54,86,300 
-12.42,-38.78,86,300 
-12.49,-39.99,86,300 
-12.56,-41.19,86,300 
-12.63,-42.33,86,300 
-12.68,-43.46,86,300 
-12.71,-44.58,86,300 
-12.76,-45.65,86,300 
-12.81,-46.70,86,300 
-12.84,-47.72,86,300 
-12.87,-48.71,86,300 
-12.92,-49.70,86,300 
-12.96,-50.65,86,300 
-12.98,-51.58,86,300 
-12.96,-52.48,86,300 
-12.97,-53.32,86,300 
-12.99,-54.13,86,300 
-12.98,-54.91,86,300 
-13.00,-55.64,86,300 
-13.01,-56.34,86,300 
-12.99,-57.02,86,300 
-13.01,-57.64,86,300 
-13.02,-58.23,86,300 
-13.03,-58.77,86,300 
-13.03,-59.26,86,300 
-13.02,-59.73,86,300 
-13.01,-60.15,86,300 
-13.00,-60.55,86,300 
-12.99,-60.91,86,300 
-12.98,-61.25,86,300 
-12.97,-61.57,86,300 
-12.97,-61.88,86,300 
-12.97,-62.14,86,300 
-12.95,-62.38,86,300 
-12.93,-62.58,86,300 
-12.89,-62.74,86,300 
-12.87,-62.88,86,300 
-12.82,-62.96,86,300 
-12.77,-63.02,86,300 
-12.73,-63.05,86,300 
-12.67,-63.04,86,300 
-12.63,-63.00,86,300 
-12.58,-62.92,86,300 
-12.51,-62.81,86,300 
-12.46,-62.67,86,300 
-12.39,-62.48,86,300 
-12.29,-62.25,86,300 
-12.18,-61.98,86,300 
-12.05,-61.67,86,300 
-11.89,-61.33,86,300 
-11.75,-60.97,86,300 
-11.62,-60.60,86,300 
-11.50,-60.20,86,300 
-11.37,-59.80,86,300 
-11.23,-59.35,86,300 
-11.10,-58.89,86,300 
-10.94,-58.38,86,300 
-10.80,-57.83,86,300 
-10.62,-57.24,86,300 
-10.47,-56.61,86,300 
-10.32,-55.95,86,300 
-10.19,-55.26,86,300 
-10.07,-54.53,86,300 
-9.96,-53.77,86,300 
-9.86,-52.96,86,300 
-9.76,-52.15,86,300 
-9.69,-51.28,86,300 
-9.61,-50.40,86,300 
-9.55,-49.49,86,300 
-9.44,-48.60,86,300 
-9.43,-47.60,86,300 
-9.42,-46.52,86,300 
-9.43,-45.54,86,300 
-9.40,-44.53,86,300 
-9.39,-43.44,86,300 
-9.35,-42.40,86,300 
-9.35,-41.27,86,300 
-9.38,-40.15,86,300 
-9.39,-39.01,86,300 
-9.46,-37.84,86,300 
-9.51,-36.70,86,300 
-9.57,-35.55,86,300 
-9.65,-34.36,86,300 
-9.74,-33.18,86,300 
-9.85,-32.02,86,300 
-9.97,-30.85,86,300 
-10.12,-29.69,86,300 
-10.27,-28.52,86,300 
-10.43,-27.37,86,300 
-10.57,-26.22,86,300 
-10.74,-25.08,86,300 
-10.91,-23.95,86,300 
-11.09,-22.84,86,300 
-11.26,-21.78,86,300 
-11.43,-20.72,86,300 
-11.60,-19.68,86,300 
-11.79,-18.66,86,300 
-11.98,-17.67,86,300 
-12.16,-16.72,86,300 
-12.32,-15.84,86,300 
-12.49,-14.97,86,300 
-12.64,-14.14,86,300 
-12.77,-13.34,86,300 
-12.90,-12.58,86,300 
-13.01,-11.86,86,300 
-13.11,-11.18,86,300 
-13.19,-10.55,86,300 
-13.25,-9.96,86,300 
-13.29,-9.41,86,300 
-13.33,-8.91,86,300 
-13.35,-8.46,86,300 
-13.37,-8.05,86,300 
-13.37,-7.69,86,300 
-13.37,-7.37,86,300 
-13.37,-7.11,86,300 
-13.35,-6.88,86,300 
-13.32,-6.70,86,300 
-13.29,-6.57,86,300 
-13.24,-6.48,86,300 
-13.18,-6.44,86,300 
-13.11,-6.45,86,300 
-13.04,-6.50,86,300 
-12.95,-6.60,86,300 
-12.86,-6.75,86,300 
-12.76,-6.94,86,300 
-12.67,-7.17,86,300 
-12.56,-7.45,86,300 
-12.44,-7.78,86,300 
-12.32,-8.15,86,300 
-12.19,-8.57,86,300 
-12.05,-9.02,86,300 
-11.90,-9.53,86,300 
-11.74,-10.09,86,300 
-11.57,-10.71,86,300 
-11.39,-11.37,86,300 
-11.20,-12.06,86,300 
-11.00,-12.80,86,300 
-10.81,-13.58,86,300 
-10.61,-14.40,86,300 
-10.42,-15.25,86,300 
-10.22,-16.14,86,300 
-10.03,-17.07,86,300 
-9.85,-18.02,86,300 
-9.68,-19.00,86,300 
-9.51,-20.03,86,300 
-9.36,-21.08,86,300 
-9.22,-22.13,86,300 
-9.07,-23.23,86,300 
-8.92,-24.36,86,300 
-8.79,-25.47,86,300 
-8.67,-26.63,86,300 
-8.56,-27.78,86,300 
-8.47,-28.94,86,300 
-8.35,-30.09,86,300 
-8.28,-31.25,86,300 
-8.21,-32.44,86,300 
-8.17,-33.60,86,300 
-8.13,-34.79,86,300 
-8.10,-35.94,86,300 
-8.09,-37.10,86,300 
-8.09,-38.24,86,300 
-8.11,-39.36,86,300 
-8.13,-40.50,86,300 
-8.19,-41.59,86,300 
-8.25,-42.67,86,300 
-8.28,-43.73,86,300 
-8.35,-44.76,86,300 
-8.43,-45.79,86,300 
-8.49,-46.79,86,300 
-8.55,-47.77,86,300 
-8.66,-48.72,86,300 
-8.78,-49.64,86,300 
-8.92,-50.54,86,300 
-9.07,-51.41,86,300 
-9.20,-52.23,86,300 
-9.35,-53.01,86,300 
-9.51,-53.77,86,300 
-9.65,-54.50,86,300 
-9.79,-55.20,86,300 
-9.94,-55.84,86,300 
-10.02,-56.43,86,300 
-10.14,-56.99,86,300 
-10.24,-57.53,86,300 
-10.34,-58.02,86,300 
-10.43,-58.45,86,300 
-10.54,-58.83,86,300 
-10.64,-59.17,86,300 
-10.75,-59.47,86,300 
-10.84,-59.72,86,300 
-10.93,-59.95,86,300 
-11.02,-60.15,86,300 
-11.11,-60.31,86,300 
-11.19,-60.43,86,300 
-11.27,-60.53,86,300 
-11.33,-60.59,86,300 
-11.40,-60.63,86,300 
-11.47,-60.65,86,300 
-11.52,-60.64,86,300 
-11.57,-60.59,86,300 
-11.62,-60.51,86,300 
-11.67,-60.42,86,300 
-11.71,-60.29,86,300 
-11.75,-60.13,86,300 
-11.78,-59.94,86,300 
-11.80,-59.72,86,300 
-11.83,-59.45,86,300 
-11.84,-59.16,86,300 
-11.84,-58.83,86,300 
-11.84,-58.47,86,300 
-11.82,-58.02,86,300 
-11.83,-57.54,86,300 
-11.81,-57.04,86,300 
-11.79,-56.49,86,300 
-11.78,-55.93,86,300 
-11.74,-55.31,86,300 
-11.71,-54.66,86,300 
-11.66,-53.98,86,300 
-11.60,-53.27,86,300 
-11.51,-52.53,86,300 
-11.39,-51.74,86,300 
-11.26,-50.94,86,300 
-11.19,-50.10,86,300 
-11.00,-49.22,86,300 
-10.80,-48.30,86,300 
-10.65,-47.41,86,300 
-10.46,-46.53,86,300 
-10.30,-45.49,86,300 
-10.13,-44.48,86,300 
-9.98,-43.45,86,300 
-9.86,-42.46,86,300 
-9.72,-41.43,86,300 
-9.56,-40.40,86,300 
-9.45,-39.31,86,300 
-9.34,-38.22,86,300 
-9.26,-37.12,86,300 
-9.20,-36.00,86,300 
-9.13,-34.87,86,300 
-9.09,-33.74,86,300 
-9.06,-32.63,86,300 
-9.04,-31.51,86,300 
-9.03,-30.38,86,300 
-9.04,-29.24,86,300 
-9.07,-28.14,86,300 
-9.12,-27.05,86,300 
-9.18,-25.96,86,300 
-9.24,-24.89,86,300 
-9.32,-23.82,86,300 
-9.41,-22.76,86,300 
-9.51,-21.73,86,300 
-9.63,-20.71,86,300 
-9.74,-19.74,86,300 
-9.89,-18.79,86,300 
-10.03,-17.89,86,300 
-10.20,-17.01,86,300 
-10.38,-16.16,86,300 
-10.57,-15.36,86,300 
-10.78,-14.59,86,300 
-10.98,-13.85,86,300 
-11.18,-13.15,86,300 
-11.38,-12.51,86,300 
-11.59,-11.89,86,300 
-11.80,-11.32,86,300 
-12.01,-10.78,86,300 
-12.19,-10.30,86,300 
-12.37,-9.87,86,300 
-12.53,-9.49,86,300 
-12.69,-9.16,86,300 
-12.83,-8.87,86,300 
-12.97,-8.64,86,300 
-13.10,-8.46,86,300 
-13.23,-8.32,86,300 
-13.36,-8.22,86,300 
-13.47,-8.17,86,300 
-13.57,-8.17,86,300 
-13.66,-8.21,86,300 
-13.74,-8.31,86,300 
-13.81,-8.44,86,300 
-13.88,-8.64,86,300 
-13.94,-8.88,86,300 
-13.99,-9.16,86,300 
-14.03,-9.47,86,300 
-14.07,-9.83,86,300 
-14.10,-10.24,86,300 
-14.12,-10.69,86,300 
-14.14,-11.18,86,300 
-14.16,-11.72,86,300 
-14.17,-12.28,86,300 
-14.19,-12.89,86,300 
-14.19,-13.56,86,300 
-14.21,-14.27,86,300 
-14.23,-15.01,86,300 
-14.23,-15.79,86,300 
-14.23,-16.60,86,300 
-14.21,-17.46,86,300 
-14.20,-18.33,86,300 
-14.16,-19.24,86,300 
-14.11,-20.17,86,300 
-14.05,-21.14,86,300 
-13.99,-22.12,86,300 
-13.91,-23.13,86,300 
-13.81,-24.14,86,300 
-13.70,-25.20,86,300 
-13.57,-26.24,86,300 
-13.45,-27.30,86,300 
-13.33,-28.37,86,300 
-13.20,-29.47,86,300 
-13.06,-30.56,86,300 
-12.89,-31.65,86,300 
-12.71,-32.75,86,300 
-12.54,-33.84,86,300 
-12.36,-34.92,86,300 
-12.16,-35.98,86,300 
-11.98,-37.06,86,300 
-11.80,-38.11,86,300 
-11.62,-39.15,86,300 
-11.44,-40.16,86,300 
-11.26,-41.17,86,300 
-11.07,-42.13,86,300 
-10.85,-43.12,86,300 
-10.65,-44.03,86,300 
-10.43,-44.93,86,300 
-10.22,-45.81,86,300 
-10.00,-46.66,86,300 
-9.73,-47.48,86,300 
-9.51,-48.30,86,300 
-9.23,-49.09,86,300 
-9.01,-49.84,86,300 
-8.81,-50.55,86,300 
-8.58,-51.25,86,300 
-8.37,-51.93,86,300 
-8.13,-52.58,86,300 
-7.95,-53.21,86,300 
-7.72,-53.83,86,300 
-7.53,-54.36,86,300 
-7.36,-54.86,86,300 
-7.18,-55.32,86,300 
-7.03,-55.74,86,300 
-6.85,-56.14,86,300 
-6.72,-56.49,86,300 
-6.55,-56.81,86,300 
-6.42,-57.08,86,300 
-6.28,-57.32,86,300 
-6.16,-57.50,86,300 
-6.03,-57.65,86,300 
-5.91,-57.76,86,300 
-5.79,-57.83,86,300 
-5.67,-57.87,86,300 
-5.55,-57.87,86,300 
-5.44,-57.85,86,300 
-5.33,-57.78,86,300 
-5.24,-57.67,86,300 
-5.13,-57.53,86,300 
-5.04,-57.35,86,300 
-4.95,-57.14,86,300 
-4.88,-56.89,86,300 
-4.81,-56.61,86,300 
-4.75,-56.28,86,300 
-4.70,-55.91,86,300 
-4.67,-55.52,86,300 
-4.65,-55.08,86,300 
-4.65,-54.61,86,300 
-4.64,-54.11,86,300 
-4.66,-53.57,86,300 
-4.70,-53.00,86,300 
-4.77,-52.39,86,300 
-4.83,-51.76,86,300 
-4.90,-51.10,86,300 
-4.97,-50.41,86,300 
-5.06,-49.70,86,300 
-5.15,-48.97,86,300 
-5.24,-48.20,86,300 
-5.33,-47.40,86,300 
-5.47,-46.55,86,300 
-5.55,-45.72,86,300 
-5.69,-44.81,86,300 
-5.81,-43.94,86,300 
-5.97,-43.03,86,300 
-6.06,-42.09,86,300 
-6.24,-41.12,86,300 
-6.42,-40.13,86,300 
-6.60,-39.18,86,300 
-6.77,-38.23,86,300 
-7.00,-37.27,86,300 
-7.22,-36.26,86,300 
-7.48,-35.25,86,300 
-7.72,-34.20,86,300 
-7.94,-33.19,86,300 
-8.20,-32.17,86,300 
-8.46,-31.13,86,300 
-8.73,-30.11,86,300 
-8.99,-29.10,86,300 
-9.27,-28.10,86,300 
-9.56,-27.10,86,300 
-9.84,-26.11,86,300 
-10.14,-25.14,86,300 
-10.44,-24.18,86,300 
-10.74,-23.22,86,300 
-11.03,-22.32,86,300 
-11.30,-21.40,86,300 
-11.55,-20.51,86,300 
-11.78,-19.67,86,300 
-11.99,-18.85,86,300 
-12.18,-18.05,86,300 
-12.34,-17.27,86,300 
-12.49,-16.54,86,300 
-12.63,-15.84,86,300 
-12.75,-15.17,86,300 
-12.86,-14.53,86,300 
-12.99,-13.94,86,300 
-13.10,-13.39,86,300 
-13.20,-12.89,86,300 
-13.29,-12.44,86,300 
-13.37,-12.02,86,300 
-13.45,-11.64,86,300 
-13.52,-11.31,86,300 
-13.57,-11.02,86,300 
-13.63,-10.77,86,300 
-13.68,-10.57,86,300 
-13.72,-10.40,86,300 
-13.74,-10.28,86,300 
-13.77,-10.21,86,300 
-13.79,-10.17,86,300 
-13.80,-10.19,86,300 
-13.80,-10.26,86,300 
-13.80,-10.37,86,300 
-13.79,-10.51,86,300 
-13.77,-10.71,86,300 
-13.74,-10.94,86,300 
-13.71,-11.21,86,300 
-13.67,-11.53,86,300 
-13.62,-11.89,86,300 
-13.56,-12.30,86,300 
-13.50,-12.72,86,300 
-13.43,-13.20,86,300 
-13.34,-13.73,86,300 
-13.25,-14.30,86,300 
-13.17,-14.91,86,300 
-13.07,-15.56,86,300 
-12.96,-16.24,86,300 
-12.86,-16.97,86,300 
-12.73,-17.73,86,300 
-12.59,-18.51,86,300 
-12.43,-19.32,86,300 
-12.23,-20.17,86,300 
-12.01,-21.04,86,300 
-11.79,-21.94,86,300 
-11.56,-22.83,86,300 
-11.32,-23.77,86,300 
-11.07,-24.70,86,300 
-10.85,-25.66,86,300 
-10.61,-26.63,86,300 
-10.38,-27.63,86,300 
-10.14,-28.62,86,300 
-9.92,-29.62,86,300 
-9.71,-30.62,86,300 
-9.48,-31.64,86,300 
-9.27,-32.64,86,300 
-9.05,-33.66,86,300 
-8.85,-34.67,86,300 
-8.64,-35.67,86,300 
-8.44,-36.66,86,300 
-8.23,-37.64,86,300 
-8.03,-38.61,86,300 
-7.83,-39.58,86,300 
-7.67,-40.52,86,300 
-7.50,-41.46,86,300 
-7.36,-42.37,86,300 
-7.22,-43.26,86,300 
-7.11,-44.13,86,300 
-6.99,-44.97,86,300 
-6.85,-45.81,86,300 
-6.72,-46.61,86,300 
-6.60,-47.39,86,300 
-6.47,-48.13,86,300 
-6.33,-48.86,86,300 
-6.18,-49.54,86,300 
-6.06,-50.19,86,300 
-5.93,-50.83,86,300 
-5.83,-51.43,86,300 
-5.72,-52.00,86,300 
-5.63,-52.53,86,300 
-5.51,-53.08,86,300 
-5.41,-53.56,86,300 
-5.31,-54.01,86,300 
-5.22,-54.41,86,300 
-5.16,-54.76,86,300 
-5.07,-55.12,86,300 
-5.00,-55.40,86,300 
-4.94,-55.66,86,300 
-4.86,-55.87,86,300 
-4.78,-56.04,86,300 
-4.71,-56.18,86,300 
-4.63,-56.27,86,300 
-4.56,-56.32,86,300 
-4.49,-56.34,86,300 
-4.42,-56.33,86,300 
-4.36,-56.28,86,300 
-4.30,-56.18,86,300 
-4.25,-56.04,86,300 
-4.21,-55.87,86,300 
-4.17,-55.67,86,300 
-4.13,-55.42,86,300 
-4.10,-55.14,86,300 
-4.09,-54.82,86,300 
-4.09,-54.46,86,300 
-4.09,-54.08,86,300 
-4.12,-53.66,86,300 
-4.15,-53.20,86,300 
-4.22,-52.71,86,300 
-4.29,-52.19,86,300 
-4.35,-51.64,86,300 
-4.42,-51.07,86,300 
-4.49,-50.46,86,300 
-4.57,-49.84,86,300 
-4.65,-49.18,86,300 
-4.75,-48.50,86,300 
-4.84,-47.79,86,300 
-4.94,-47.05,86,300 
-5.07,-46.32,86,300 
-5.15,-45.54,86,300 
-5.29,-44.71,86,300 
-5.36,-43.91,86,300 
-5.48,-43.02,86,300 
-5.64,-42.17,86,300 
-5.77,-41.32,86,300 
-5.95,-40.44,86,300 
-6.11,-39.54,86,300 
-6.28,-38.67,86,300 
-6.53,-37.73,86,300 
-6.77,-36.79,86,300 
-7.00,-35.83,86,300 
-7.23,-34.91,86,300 
-7.48,-33.96,86,300 
-7.75,-33.00,86,300 
-8.01,-32.04,86,300 
-8.28,-31.09,86,300 
-8.55,-30.11,86,300 
-8.83,-29.17,86,300 
-9.13,-28.23,86,300 
-9.43,-27.29,86,300 
-9.73,-26.36,86,300 
-10.03,-25.45,86,300 
-10.33,-24.55,86,300 
-10.64,-23.67,86,300 
-10.91,-22.82,86,300 
-11.18,-21.96,86,300 
-11.41,-21.15,86,300 
-11.63,-20.34,86,300 
-11.82,-19.56,86,300 
-12.00,-18.82,86,300 
-12.16,-18.10,86,300 
-12.28,-17.41,86,300 
-12.39,-16.75,86,300 
-12.48,-16.13,86,300 
-12.56,-15.54,86,300 
-12.63,-14.99,86,300 
-12.70,-14.47,86,300 
-12.76,-14.00,86,300 
-12.80,-13.56,86,300 
-12.85,-13.18,86,300 
-12.87,-12.85,86,300 
-12.89,-12.55,86,300 
-12.89,-12.29,86,300 
-12.87,-12.07,86,300 
-12.85,-11.90,86,300 
-12.81,-11.76,86,300 
-12.76,-11.67,86,300 
-12.68,-11.62,86,300 
-12.60,-11.61,86,300 
-12.49,-11.63,86,300 
-12.37,-11.70,86,300 
-12.23,-11.81,86,300 
-12.06,-11.96,86,300 
-11.88,-12.15,86,300 
-11.68,-12.38,86,300 
-11.46,-12.63,86,300 
-11.22,-12.94,86,300 
-10.97,-13.28,86,300 
-10.72,-13.66,86,300 
-10.47,-14.09,86,300 
-10.21,-14.55,86,300 
-9.95,-15.06,86,300 
-9.71,-15.60,86,300 
-9.49,-16.17,86,300 
-9.27,-16.78,86,300 
-9.05,-17.43,86,300 
-8.85,-18.10,86,300 
-8.67,-18.80,86,300 
-8.49,-19.55,86,300 
-8.31,-20.33,86,300 
-8.15,-21.13,86,300 
-7.99,-21.95,86,300 
-7.86,-22.80,86,300 
-7.73,-23.67,86,300 
-7.63,-24.57,86,300 
-7.53,-25.49,86,300 
-7.44,-26.41,86,300 
-7.36,-27.36,86,300 
-7.30,-28.31,86,300 
-7.25,-29.27,86,300 
-7.22,-30.24,86,300 
-7.18,-31.20,86,300 
-7.16,-32.16,86,300 
-7.14,-33.14,86,300 
-7.14,-34.11,86,300 
-7.12,-35.09,86,300 
-7.12,-36.05,86,300 
-7.13,-37.01,86,300 
-7.16,-37.95,86,300 
-7.20,-38.89,86,300 
-7.25,-39.81,86,300 
-7.33,-40.71,86,300 
-7.42,-41.60,86,300 
-7.52,-42.48,86,300 
-7.61,-43.36,86,300 
-7.70,-44.21,86,300 
-7.81,-45.02,86,300 
-7.90,-45.80,86,300 
-8.04,-46.57,86,300 
-8.22,-47.32,86,300 
-8.38,-48.03,86,300 
-8.54,-48.74,86,300 
-8.70,-49.39,86,300 
-8.85,-50.05,86,300 
-9.03,-50.65,86,300 
-9.18,-51.23,86,300 
-9.36,-51.76,86,300 
-9.48,-52.25,86,300 
-9.63,-52.70,86,300 
-9.73,-53.13,86,300 
-9.85,-53.51,86,300 
-9.94,-53.87,86,300 
-10.06,-54.20,86,300 
-10.13,-54.49,86,300 
-10.23,-54.75,86,300 
-10.29,-54.97,86,300 
-10.37,-55.17,86,300 
-10.42,-55.33,86,300 
-10.48,-55.46,86,300 
-10.51,-55.54,86,300 
-10.55,-55.60,86,300 
-10.57,-55.62,86,300 
-10.59,-55.61,86,300 
-10.60,-55.56,86,300 
-10.60,-55.48,86,300 
-10.58,-55.37,86,300 
-10.57,-55.23,86,300 
-10.54,-55.06,86,300 
-10.49,-54.84,86,300 
-10.40,-54.59,86,300 
-10.32,-54.30,86,300 
-10.23,-53.98,86,300 
-10.15,-53.62,86,300 
-10.04,-53.23,86,300 
-9.93,-52.81,86,300 
-9.81,-52.37,86,300 
-9.69,-51.88,86,300 
-9.55,-51.36,86,300 
-9.42,-50.82,86,300 
-9.31,-50.25,86,300 
-9.19,-49.65,86,300 
-9.08,-49.03,86,300 
-8.99,-48.40,86,300 
-8.91,-47.73,86,300 
-8.83,-47.04,86,300 
-8.77,-46.32,86,300 
-8.71,-45.58,86,300 
-8.60,-44.90,86,300 
-8.56,-44.10,86,300 
-8.52,-43.30,86,300 
-8.48,-42.45,86,300 
-8.43,-41.64,86,300 
-8.40,-40.74,86,300 
-8.35,-39.90,86,300 
-8.34,-38.99,86,300 
-8.34,-38.12,86,300 
-8.34,-37.20,86,300 
-8.36,-36.29,86,300 
-8.39,-35.39,86,300 
-8.44,-34.47,86,300 
-8.50,-33.52,86,300 
-8.55,-32.60,86,300 
-8.62,-31.68,86,300 
-8.69,-30.74,86,300 
-8.76,-29.84,86,300 
-8.84,-28.92,86,300 
-8.94,-28.02,86,300 
-9.05,-27.10,86,300 
-9.18,-26.21,86,300 
-9.31,-25.33,86,300 
-9.45,-24.47,86,300 
-9.60,-23.62,86,300 
-9.78,-22.79,86,300 
-9.98,-21.98,86,300 
-10.18,-21.21,86,300 
-10.40,-20.47,86,300 
-10.63,-19.75,86,300 
-10.88,-19.07,86,300 
-11.13,-18.42,86,300 
-11.41,-17.80,86,300 
-11.69,-17.21,86,300 
-11.98,-16.66,86,300 
-12.28,-16.15,86,300 
-12.58,-15.67,86,300 
-12.85,-15.23,86,300 
-13.11,-14.83,86,300 
-13.36,-14.46,86,300 
-13.60,-14.13,86,300 
-13.82,-13.84,86,300 
-14.03,-13.58,86,300 
-14.21,-13.37,86,300 
-14.38,-13.20,86,300 
-14.52,-13.08,86,300 
-14.66,-13.00,86,300 
-14.78,-12.96,86,300 
-14.89,-12.97,86,300 
-14.98,-13.02,86,300 
-15.07,-13.12,86,300 
-15.16,-13.25,86,300 
-15.24,-13.42,86,300 
-15.31,-13.65,86,300 
-15.37,-13.91,86,300 
-15.42,-14.24,86,300 
-15.45,-14.59,86,300 
-15.46,-14.98,86,300 
-15.47,-15.40,86,300 
-15.45,-15.84,86,300 
-15.42,-16.32,86,300 
-15.36,-16.83,86,300 
-15.28,-17.37,86,300 
-15.17,-17.94,86,300 
-15.07,-18.54,86,300 
-14.95,-19.16,86,300 
-14.80,-19.81,86,300 
-14.65,-20.51,86,300 
-14.50,-21.22,86,300 
-14.33,-21.95,86,300 
-14.14,-22.68,86,300 
-13.93,-23.45,86,300 
-13.71,-24.24,86,300 
-13.46,-25.03,86,300 
-13.19,-25.84,86,300 
-12.90,-26.67,86,300 
-12.58,-27.49,86,300 
-12.24,-28.31,86,300 
-11.91,-29.16,86,300 
-11.59,-30.01,86,300 
-11.26,-30.85,86,300 
-10.94,-31.72,86,300 
-10.63,-32.56,86,300 
-10.32,-33.43,86,300 
-10.02,-34.28,86,300 
-9.71,-35.13,86,300 
-9.41,-35.97,86,300 
-9.11,-36.80,86,300 
-8.83,-37.62,86,300 
-8.58,-38.43,86,300 
-8.32,-39.24,86,300 
-8.08,-40.01,86,300 
-7.84,-40.80,86,300 
-7.61,-41.55,86,300 
-7.39,-42.28,86,300 
-7.18,-42.98,86,300 
-6.96,-43.68,86,300 
-6.77,-44.36,86,300 
-6.58,-45.03,86,300 
-6.39,-45.67,86,300 
-6.22,-46.29,86,300 
-6.05,-46.91,86,300 
-5.90,-47.48,86,300 
-5.78,-48.03,86,300 
-5.66,-48.53,86,300 
-5.55,-49.01,86,300 
-5.46,-49.48,86,300 
-5.35,-49.93,86,300 
-5.25,-50.34,86,300 
-5.16,-50.73,86,300 
-5.06,-51.09,86,300 
-4.98,-51.42,86,300 
-4.88,-51.72,86,300 
-4.83,-51.98,86,300 
-4.73,-52.22,86,300 
-4.67,-52.43,86,300 
-4.59,-52.61,86,300 
-4.52,-52.75,86,300 
-4.48,-52.86,86,300 
-4.43,-52.94,86,300 
-4.39,-52.98,86,300 
-4.36,-52.98,86,300 
-4.34,-52.96,86,300 
-4.33,-52.89,86,300 
-4.33,-52.80,86,300 
-4.34,-52.68,86,300 
-4.37,-52.52,86,300 
-4.41,-52.34,86,300 
-4.47,-52.12,86,300 
-4.54,-51.86,86,300 
-4.60,-51.58,86,300 
-4.67,-51.27,86,300 
-4.74,-50.93,86,300 
-4.83,-50.56,86,300 
-4.91,-50.18,86,300 
-4.99,-49.76,86,300 
-5.08,-49.32,86,300 
-5.16,-48.85,86,300 
-5.27,-48.36,86,300 
-5.37,-47.85,86,300 
-5.49,-47.31,86,300 
-5.66,-46.74,86,300 
-5.82,-46.14,86,300 
-5.97,-45.52,86,300 
-6.12,-44.89,86,300 
-6.27,-44.25,86,300 
-6.48,-43.58,86,300 
-6.69,-42.88,86,300 
-6.88,-42.12,86,300 
-7.10,-41.42,86,300 
-7.32,-40.62,86,300 
-7.54,-39.84,86,300 
-7.74,-39.09,86,300 
-7.94,-38.28,86,300 
-8.15,-37.46,86,300 
-8.38,-36.60,86,300 
-8.60,-35.77,86,300 
-8.84,-34.91,86,300 
-9.09,-34.07,86,300 
-9.36,-33.21,86,300 
-9.61,-32.38,86,300 
-9.86,-31.52,86,300 
-10.12,-30.68,86,300 
-10.38,-29.84,86,300 
-10.60,-29.00,86,300 
-10.81,-28.18,86,300 
-11.00,-27.35,86,300 
-11.16,-26.54,86,300 
-11.32,-25.74,86,300 
-11.46,-24.94,86,300 
-11.57,-24.16,86,300 
-11.67,-23.41,86,300 
-11.74,-22.67,86,300 
-11.79,-21.94,86,300 
-11.83,-21.22,86,300 
-11.86,-20.54,86,300 
-11.85,-19.89,86,300 
-11.82,-19.26,86,300 
-11.76,-18.65,86,300 
-11.68,-18.07,86,300 
-11.58,-17.52,86,300 
-11.46,-17.02,86,300 
-11.35,-16.56,86,300 
-11.20,-16.13,86,300 
-11.05,-15.74,86,300 
-10.87,-15.39,86,300 
-10.67,-15.07,86,300 
-10.48,-14.78,86,300 
-10.29,-14.53,86,300 
-10.09,-14.32,86,300 
-9.90,-14.15,86,300 
-9.69,-14.01,86,300 
-9.50,-13.91,86,300 
-9.32,-13.85,86,300 
-9.15,-13.84,86,300 
-9.00,-13.86,86,300 
-8.85,-13.93,86,300 
-8.70,-14.05,86,300 
-8.56,-14.21,86,300 
-8.45,-14.40,86,300 
-8.34,-14.62,86,300 
-8.23,-14.88,86,300 
-8.14,-15.17,86,300 
-8.06,-15.50,86,300 
-7.99,-15.87,86,300 
-7.91,-16.27,86,300 
-7.83,-16.71,86,300 
-7.77,-17.19,86,300 
-7.69,-17.69,86,300 
-7.63,-18.22,86,300 
-7.56,-18.78,86,300 
-7.50,-19.38,86,300 
-7.46,-20.00,86,300 
-7.43,-20.65,86,300 
-7.40,-21.33,86,300 
-7.37,-22.03,86,300 
-7.36,-22.76,86,300 
-7.37,-23.50,86,300 
-7.39,-24.27,86,300 
-7.44,-25.06,86,300 
-7.48,-25.87,86,300 
-7.52,-26.69,86,300 
-7.58,-27.51,86,300 
-7.65,-28.36,86,300 
-7.73,-29.21,86,300 
-7.83,-30.07,86,300 
-7.94,-30.93,86,300 
-8.06,-31.79,86,300 
-8.21,-32.64,86,300 
-8.37,-33.50,86,300 
-8.55,-34.36,86,300 
-8.75,-35.22,86,300 
-8.94,-36.07,86,300 
-9.14,-36.91,86,300 
-9.35,-37.74,86,300 
-9.56,-38.56,86,300 
-9.78,-39.36,86,300 
-10.00,-40.14,86,300 
-10.24,-40.90,86,300 
-10.47,-41.66,86,300 
-10.72,-42.39,86,300 
-10.97,-43.10,86,300 
-11.20,-43.78,86,300 
-11.44,-44.43,86,300 
-11.65,-45.05,86,300 
-11.85,-45.65,86,300 
-12.04,-46.22,86,300 
-12.24,-46.77,86,300 
-12.44,-47.30,86,300 
-12.64,-47.78,86,300 
-12.82,-48.26,86,300 
-13.01,-48.70,86,300 
-13.21,-49.10,86,300 
-13.41,-49.48,86,300 
-13.63,-49.85,86,300 
-13.83,-50.20,86,300 
-14.06,-50.52,86,300 
-14.28,-50.82,86,300 
-14.50,-51.10,86,300 
-14.73,-51.33,86,300 
-14.94,-51.54,86,300 
-15.17,-51.71,86,300 
-15.37,-51.85,86,300 
-15.58,-51.95,86,300 
-15.77,-52.02,86,300 
-15.97,-52.06,86,300 
-16.12,-52.07,86,300 
-16.26,-52.03,86,300 
-16.39,-51.96,86,300 
-16.48,-51.86,86,300 
-16.56,-51.71,86,300 
-16.60,-51.54,86,300 
-16.60,-51.32,86,300 
-16.58,-51.08,86,300 
-16.55,-50.81,86,300 
-16.48,-50.50,86,300 
-16.40,-50.16,86,300 
-16.31,-49.80,86,300 
-16.22,-49.41,86,300 
-16.14,-49.01,86,300 
-16.04,-48.58,86,300 
-15.93,-48.11,86,300 
-15.81,-47.62,86,300 
-15.68,-47.10,86,300 
-15.54,-46.54,86,300 
-15.41,-45.98,86,300 
-15.29,-45.40,86,300 
-15.18,-44.79,86,300 
-15.07,-44.18,86,300 
-14.97,-43.54,86,300 
-14.87,-42.87,86,300 
-14.75,-42.17,86,300 
-14.61,-41.46,86,300 
-14.48,-40.68,86,300 
-14.31,-39.96,86,300 
-14.13,-39.18,86,300 
-13.94,-38.40,86,300 
-13.76,-37.59,86,300 
-13.56,-36.80,86,300 
-13.35,-36.01,86,300 
-13.11,-35.17,86,300 
-12.85,-34.34,86,300 
-12.60,-33.49,86,300 
-12.36,-32.65,86,300 
-12.13,-31.80,86,300 
-11.90,-30.97,86,300 
-11.68,-30.14,86,300 
-11.45,-29.31,86,300 
-11.25,-28.47,86,300 
-11.02,-27.66,86,300 
-10.82,-26.87,86,300 
-10.65,-26.08,86,300 
-10.47,-25.32,86,300 
-10.30,-24.56,86,300 
-10.13,-23.82,86,300 
-10.00,-23.09,86,300 
-9.87,-22.40,86,300 
-9.77,-21.73,86,300 
-9.67,-21.08,86,300 
-9.59,-20.46,86,300 
-9.54,-19.86,86,300 
-9.49,-19.29,86,300 
-9.45,-18.76,86,300 
-9.42,-18.26,86,300 
-9.38,-17.81,86,300 
-9.35,-17.37,86,300 
-9.32,-16.97,86,300 
-9.30,-16.59,86,300 
-9.28,-16.25,86,300 
-9.26,-15.94,86,300 
-9.24,-15.68,86,300 
-9.24,-15.45,86,300 
-9.24,-15.26,86,300 
-9.23,-15.10,86,300 
-9.24,-14.99,86,300 
-9.25,-14.90,86,300 
-9.26,-14.86,86,300 
-9.27,-14.85,86,300 
-9.30,-14.88,86,300 
-9.32,-14.94,86,300 
-9.35,-15.03,86,300 
-9.39,-15.16,86,300 
-9.43,-15.33,86,300 
-9.48,-15.54,86,300 
-9.54,-15.79,86,300 
-9.60,-16.07,86,300 
-9.67,-16.38,86,300 
-9.76,-16.72,86,300 
-9.85,-17.11,86,300 
-9.95,-17.52,86,300 
-10.07,-17.96,86,300 
-10.20,-18.42,86,300 
-10.35,-18.92,86,300 
-10.52,-19.46,86,300 
-10.69,-20.02,86,300 
-10.88,-20.62,86,300 
-11.07,-21.26,86,300 
-11.27,-21.91,86,300 
-11.47,-22.58,86,300 
-11.68,-23.26,86,300 
-11.89,-23.99,86,300 
-12.11,-24.73,86,300 
-12.32,-25.48,86,300 
-12.52,-26.25,86,300 
-12.70,-27.00,86,300 
-12.86,-27.78,86,300 
-13.01,-28.56,86,300 
-13.14,-29.36,86,300 
-13.26,-30.16,86,300 
-13.36,-30.96,86,300 
-13.46,-31.78,86,300 
-13.54,-32.59,86,300 
-13.60,-33.41,86,300 
-13.67,-34.21,86,300 
-13.72,-35.02,86,300 
-13.77,-35.80,86,300 
-13.82,-36.59,86,300 
-13.85,-37.36,86,300 
-13.88,-38.12,86,300 
-13.91,-38.86,86,300 
-13.93,-39.59,86,300 
-13.94,-40.31,86,300 
-13.94,-41.02,86,300 
-13.92,-41.70,86,300 
-13.91,-42.34,86,300 
-13.88,-42.95,86,300 
-13.86,-43.55,86,300 
-13.82,-44.11,86,300 
-13.77,-44.64,86,300 
-13.72,-45.14,86,300 
-13.67,-45.61,86,300 
-13.62,-46.08,86,300 
-13.55,-46.50,86,300 
-13.45,-46.91,86,300 
-13.35,-47.29,86,300 
-13.25,-47.64,86,300 
-13.14,-47.94,86,300 
-13.03,-48.23,86,300 
-12.92,-48.49,86,300 
-12.78,-48.72,86,300 
-12.62,-48.92,86,300 
-12.42,-49.09,86,300 
-12.20,-49.22,86,300 
-11.98,-49.33,86,300 
-11.73,-49.41,86,300 
-11.48,-49.45,86,300 
-11.22,-49.47,86,300 
-10.96,-49.47,86,300 
-10.70,-49.44,86,300 
-10.45,-49.38,86,300 
-10.21,-49.29,86,300 
-9.99,-49.18,86,300 
-9.77,-49.05,86,300 
-9.55,-48.90,86,300 
-9.33,-48.72,86,300 
-9.10,-48.51,86,300 
-8.87,-48.28,86,300 
-8.65,-48.01,86,300 
-8.44,-47.72,86,300 
-8.24,-47.41,86,300 
-8.05,-47.08,86,300 
-7.88,-46.72,86,300 
-7.72,-46.34,86,300 
-7.58,-45.94,86,300 
-7.43,-45.52,86,300 
-7.29,-45.08,86,300 
-7.17,-44.61,86,300 
-7.06,-44.14,86,300 
-6.93,-43.62,86,300 
-6.78,-43.07,86,300 
-6.66,-42.50,86,300 
-6.55,-41.94,86,300 
-6.44,-41.36,86,300 
-6.34,-40.76,86,300 
-6.25,-40.14,86,300 
-6.17,-39.51,86,300 
-6.09,-38.85,86,300 
-6.00,-38.18,86,300 
-5.98,-37.47,86,300 
-5.88,-36.77,86,300 
-5.81,-36.07,86,300 
-5.72,-35.39,86,300 
-5.66,-34.69,86,300 
-5.60,-33.98,86,300 
-5.55,-33.24,86,300 
-5.51,-32.53,86,300 
-5.48,-31.80,86,300 
-5.47,-31.08,86,300 
-5.47,-30.37,86,300 
-5.48,-29.66,86,300 
-5.50,-28.96,86,300 
-5.53,-28.27,86,300 
-5.57,-27.60,86,300 
-5.61,-26.93,86,300 
-5.66,-26.28,86,300 
-5.72,-25.65,86,300 
-5.78,-25.02,86,300 
-5.84,-24.39,86,300 
-5.91,-23.79,86,300 
-5.96,-23.21,86,300 
-6.04,-22.66,86,300 
-6.12,-22.15,86,300 
-6.23,-21.67,86,300 
-6.35,-21.21,86,300 
-6.48,-20.77,86,300 
-6.61,-20.35,86,300 
-6.75,-19.96,86,300 
-6.89,-19.60,86,300 
-7.04,-19.26,86,300 
-7.19,-18.94,86,300 
-7.35,-18.65,86,300 
-7.52,-18.39,86,300 
-7.69,-18.16,86,300 
-7.86,-17.95,86,300 
-8.03,-17.79,86,300 
-8.22,-17.65,86,300 
-8.49,-17.53,86,300 
-8.77,-17.45,86,300 
-9.03,-17.39,86,300 
-9.26,-17.37,86,300 
-9.51,-17.40,86,300 
-9.79,-17.45,86,300 
-10.09,-17.54,86,300 
-10.37,-17.64,86,300 
-10.63,-17.79,86,300 
-10.91,-17.97,86,300 
-11.21,-18.18,86,300 
-11.51,-18.42,86,300 
-11.81,-18.70,86,300 
-12.13,-19.01,86,300 
-12.50,-19.35,86,300 
-12.86,-19.72,86,300 
-13.19,-20.13,86,300 
-13.52,-20.54,86,300 
-13.84,-20.98,86,300 
-14.14,-21.44,86,300 
-14.41,-21.92,86,300 
-14.66,-22.42,86,300 
-14.91,-22.95,86,300 
-15.16,-23.49,86,300 
-15.39,-24.05,86,300 
-15.60,-24.62,86,300 
-15.81,-25.22,86,300 
-16.00,-25.83,86,300 
-16.19,-26.45,86,300 
-16.37,-27.08,86,300 
-16.56,-27.73,86,300 
-16.74,-28.39,86,300 
-16.92,-29.07,86,300 
-17.09,-29.76,86,300 
-17.25,-30.44,86,300 
-17.42,-31.14,86,300 
-17.56,-31.82,86,300 
-17.68,-32.51,86,300 
-17.79,-33.20,86,300 
-17.92,-33.90,86,300 
-18.04,-34.60,86,300 
-18.18,-35.30,86,300 
-18.30,-36.00,86,300 
-18.38,-36.69,86,300 
-18.46,-37.36,86,300 
-18.52,-38.00,86,300 
-18.54,-38.64,86,300 
-18.53,-39.25,86,300 
-18.50,-39.85,86,300 
-18.45,-40.41,86,300 
-18.35,-40.97,86,300 
-18.23,-41.48,86,300 
-18.11,-41.99,86,300 
-17.99,-42.46,86,300 
-17.82,-42.92,86,300 
-17.64,-43.35,86,300 
-17.45,-43.76,86,300 
-17.26,-44.14,86,300 
-17.03,-44.48,86,300 
-16.81,-44.82,86,300 
-16.60,-45.14,86,300 
-16.39,-45.44,86,300 
-16.15,-45.73,86,300 
-15.92,-45.99,86,300 
-15.70,-46.22,86,300 
-15.48,-46.42,86,300 
-15.26,-46.61,86,300 
-15.04,-46.77,86,300 
-14.84,-46.91,86,300 
-14.63,-47.04,86,300 
-14.43,-47.15,86,300 
-14.22,-47.23,86,300 
-14.01,-47.27,86,300 
-13.80,-47.29,86,300 
-13.57,-47.28,86,300 
-13.35,-47.23,86,300 
-13.12,-47.15,86,300 
-12.90,-47.04,86,300 
-12.66,-46.90,86,300 
-12.37,-46.71,86,300 
-12.09,-46.49,86,300 
-11.80,-46.25,86,300 
-11.50,-45.98,86,300 
-11.19,-45.71,86,300 
-10.88,-45.40,86,300 
-10.59,-45.08,86,300 
-10.30,-44.74,86,300 
-10.03,-44.39,86,300 
-9.75,-44.01,86,300 
-9.46,-43.62,86,300 
-9.19,-43.20,86,300 
-8.93,-42.76,86,300 
-8.70,-42.31,86,300 
-8.49,-41.84,86,300 
-8.28,-41.37,86,300 
-8.09,-40.86,86,300 
-7.91,-40.34,86,300 
-7.74,-39.80,86,300 
-7.58,-39.26,86,300 
-7.42,-38.69,86,300 
-7.26,-38.11,86,300 
-7.11,-37.53,86,300 
-6.94,-36.91,86,300 
-6.75,-36.32,86,300 
-6.60,-35.67,86,300 
-6.44,-35.05,86,300 
-6.31,-34.40,86,300 
-6.17,-33.79,86,300 
-6.04,-33.16,86,300 
-5.93,-32.52,86,300 
-5.83,-31.87,86,300 
-5.75,-31.23,86,300 
-5.67,-30.62,86,300 
-5.61,-30.01,86,300 
-5.57,-29.39,86,300 
-5.54,-28.78,86,300 
-5.52,-28.18,86,300 
-5.50,-27.60,86,300 
-5.50,-27.03,86,300 
-5.50,-26.46,86,300 
-5.51,-25.92,86,300 
-5.53,-25.39,86,300 
-5.56,-24.88,86,300 
-5.60,-24.38,86,300 
-5.65,-23.90,86,300 
-5.71,-23.43,86,300 
-5.78,-22.98,86,300 
-5.87,-22.56,86,300 
-5.95,-22.18,86,300 
-6.03,-21.83,86,300 
-6.10,-21.51,86,300 
-6.18,-21.23,86,300 
-6.25,-20.96,86,300 
-6.32,-20.72,86,300 
-6.39,-20.51,86,300 
-6.47,-20.30,86,300 
-6.56,-20.11,86,300 
-6.65,-19.93,86,300 
-6.74,-19.77,86,300 
-6.83,-19.62,86,300 
-6.93,-19.49,86,300 
-7.02,-19.39,86,300 
-7.12,-19.31,86,300 
-7.23,-19.26,86,300 
-7.33,-19.25,86,300 
-7.43,-19.25,86,300 
-7.54,-19.29,86,300 
-7.65,-19.34,86,300 
-7.75,-19.42,86,300 
-7.87,-19.52,86,300 
-7.99,-19.65,86,300 
-8.11,-19.81,86,300 
-8.23,-20.00,86,300 
-8.47,-20.22,86,300 
-8.77,-20.45,86,300 
-9.05,-20.71,86,300 
-9.31,-21.00,86,300 
-9.53,-21.31,86,300 
-9.70,-21.64,86,300 
-9.94,-22.02,86,300 
-10.26,-22.41,86,300 
-10.58,-22.81,86,300 
-10.84,-23.24,86,300 
-11.10,-23.70,86,300 
-11.43,-24.19,86,300 
-11.82,-24.67,86,300 
-12.21,-25.16,86,300 
-12.54,-25.71,86,300 
-12.90,-26.23,86,300 
-13.25,-26.77,86,300 
-13.58,-27.30,86,300 
-13.86,-27.89,86,300 
-14.17,-28.45,86,300 
-14.47,-29.03,86,300 
-14.75,-29.60,86,300 
-14.99,-30.19,86,300 
-15.26,-30.77,86,300 
-15.52,-31.37,86,300 
-15.79,-31.97,86,300 
-16.04,-32.59,86,300 
-16.30,-33.20,86,300 
-16.53,-33.81,86,300 
-16.75,-34.40,86,300 
-16.95,-35.01,86,300 
-17.17,-35.61,86,300 
-17.41,-36.23,86,300 
-17.62,-36.81,86,300 
-17.80,-37.41,86,300 
-17.96,-38.00,86,300 
-18.12,-38.54,86,300 
-18.25,-39.08,86,300 
-18.36,-39.59,86,300 
-18.44,-40.08,86,300 
-18.52,-40.56,86,300 
-18.56,-41.01,86,300 
-18.56,-41.44,86,300 
-18.56,-41.84,86,300 
-18.55,-42.22,86,300 
-18.51,-42.59,86,300 
-18.46,-42.94,86,300 
-18.39,-43.27,86,300 
-18.31,-43.57,86,300 
-18.20,-43.84,86,300 
-18.07,-44.08,86,300 
-17.89,-44.30,86,300 
-17.68,-44.47,86,300 
-17.45,-44.62,86,300 
-17.24,-44.75,86,300 
-17.00,-44.85,86,300 
-16.76,-44.92,86,300 
-16.48,-44.97,86,300 
-16.20,-45.00,86,300 
-15.93,-45.01,86,300 
-15.66,-45.00,86,300 
-15.37,-44.97,86,300 
-15.09,-44.92,86,300 
-14.80,-44.86,86,300 
-14.51,-44.78,86,300 
-14.24,-44.69,86,300 
-13.96,-44.59,86,300 
-13.69,-44.46,86,300 
-13.42,-44.30,86,300 
-13.14,-44.12,86,300 
-12.84,-43.90,86,300 
-12.53,-43.65,86,300 
-12.21,-43.39,86,300 
-11.88,-43.10,86,300 
-11.54,-42.80,86,300 
-11.20,-42.50,86,300 
-10.85,-42.17,86,300 
-10.51,-41.83,86,300 
-10.16,-41.46,86,300 
-9.81,-41.08,86,300 
-9.48,-40.69,86,300 
-9.17,-40.28,86,300 
-8.87,-39.86,86,300 
-8.57,-39.43,86,300 
-8.30,-39.00,86,300 
-8.04,-38.55,86,300 
-7.80,-38.09,86,300 
-7.56,-37.61,86,300 
-7.34,-37.13,86,300 
-7.12,-36.65,86,300 
-6.90,-36.14,86,300 
-6.69,-35.63,86,300 
-6.50,-35.12,86,300 
-6.32,-34.59,86,300 
-6.15,-34.08,86,300 
-5.99,-33.55,86,300 
-5.85,-33.03,86,300 
-5.73,-32.50,86,300 
-5.62,-31.99,86,300 
-5.51,-31.47,86,300 
-5.40,-30.95,86,300 
-5.22,-30.43,86,300 
-5.03,-29.92,86,300 
-4.86,-29.43,86,300 
-4.73,-28.94,86,300 
-4.63,-28.46,86,300 
-4.55,-27.99,86,300 
-4.46,-27.53,86,300 
-4.36,-27.09,86,300 
-4.28,-26.66,86,300 
-4.23,-26.24,86,300 
-4.18,-25.84,86,300 
-4.14,-25.45,86,300 
-4.11,-25.08,86,300 
-4.08,-24.73,86,300 
-4.07,-24.40,86,300 
-4.07,-24.09,86,300 
-4.08,-23.80,86,300 
-4.09,-23.53,86,300 
-4.12,-23.27,86,300 
-4.15,-23.04,86,300 
-4.19,-22.83,86,300 
-4.25,-22.64,86,300 
-4.30,-22.46,86,300 
-4.36,-22.31,86,300 
-4.44,-22.18,86,300 
-4.53,-22.06,86,300 
-4.63,-21.97,86,300 
-4.73,-21.89,86,300 
-4.86,-21.85,86,300 
-4.98,-21.82,86,300 
-5.11,-21.81,86,300 
-5.24,-21.83,86,300 
-5.37,-21.88,86,300 
-5.50,-21.95,86,300 
-5.61,-22.04,86,300 
-5.72,-22.18,86,300 
-5.83,-22.35,86,300 
-5.94,-22.54,86,300 
-6.05,-22.78,86,300 
-6.16,-23.03,86,300 
-6.27,-23.31,86,300 
-6.38,-23.60,86,300 
-6.49,-23.93,86,300 
-6.62,-24.28,86,300 
-6.75,-24.64,86,300 
-6.87,-25.01,86,300 
-7.01,-25.40,86,300 
-7.14,-25.79,86,300 
-7.28,-26.20,86,300 
-7.41,-26.62,86,300 
-7.53,-27.06,86,300 
-7.66,-27.50,86,300 
-7.79,-27.95,86,300 
-7.96,-28.45,86,300 
-8.20,-28.93,86,300 
-8.52,-29.40,86,300 
-8.85,-29.89,86,300 
-9.13,-30.38,86,300 
-9.36,-30.88,86,300 
-9.60,-31.38,86,300 
-9.94,-31.89,86,300 
-10.32,-32.41,86,300 
-10.66,-32.93,86,300 
-10.98,-33.47,86,300 
-11.35,-33.99,86,300 
-11.72,-34.51,86,300 
-12.08,-35.00,86,300 
-12.40,-35.51,86,300 
-12.73,-35.99,86,300 
-13.06,-36.49,86,300 
-13.39,-36.95,86,300 
-13.68,-37.41,86,300 
-13.97,-37.86,86,300 
-14.27,-38.30,86,300 
-14.60,-38.73,86,300 
-14.91,-39.16,86,300 
-15.26,-39.58,86,300 
-15.62,-39.97,86,300 
-15.94,-40.34,86,300 
-16.22,-40.69,86,300 
-16.49,-41.03,86,300 
-16.75,-41.35,86,300 
-16.98,-41.64,86,300 
-17.18,-41.90,86,300 
-17.37,-42.15,86,300 
-17.55,-42.38,86,300 
-17.70,-42.58,86,300 
-17.84,-42.76,86,300 
-17.97,-42.93,86,300 
-18.09,-43.08,86,300 
-18.19,-43.20,86,300 
-18.28,-43.32,86,300 
-18.35,-43.41,86,300 
-18.42,-43.48,86,300 
-18.47,-43.54,86,300 
-18.51,-43.56,86,300 
-18.54,-43.58,86,300 
-18.56,-43.57,86,300 
-18.56,-43.54,86,300 
-18.54,-43.49,86,300 
-18.52,-43.41,86,300 
-18.47,-43.32,86,300 
-18.41,-43.21,86,300 
-18.33,-43.09,86,300 
-18.24,-42.95,86,300 
-18.13,-42.79,86,300 
-18.01,-42.61,86,300 
-17.87,-42.41,86,300 
-17.70,-42.18,86,300 
-17.51,-41.93,86,300 
-17.27,-41.65,86,300 
-16.99,-41.35,86,300 
-16.71,-41.01,86,300 
-16.43,-40.67,86,300 
-16.13,-40.32,86,300 
-15.84,-39.95,86,300 
-15.57,-39.59,86,300 
-15.30,-39.21,86,300 
-15.01,-38.82,86,300 
-14.72,-38.43,86,300 
-14.40,-38.02,86,300 
-14.07,-37.58,86,300 
-13.74,-37.14,86,300 
-13.40,-36.67,86,300 
-13.04,-36.21,86,300 
-12.69,-35.72,86,300 
-12.35,-35.25,86,300 
-12.02,-34.76,86,300 
-11.66,-34.27,86,300 
-11.32,-33.77,86,300 
-11.00,-33.29,86,300 
-10.70,-32.80,86,300 
-10.41,-32.33,86,300 
-10.12,-31.85,86,300 
-9.82,-31.37,86,300 
-9.53,-30.90,86,300 
-9.24,-30.43,86,300 
-8.97,-29.97,86,300 
-8.70,-29.51,86,300 
-8.45,-29.06,86,300 
-8.20,-28.64,86,300 
-7.95,-28.21,86,300 
-7.71,-27.80,86,300 
-7.47,-27.40,86,300 
-7.25,-27.01,86,300 
-7.03,-26.63,86,300 
-6.82,-26.27,86,300 
-6.63,-25.91,86,300 
-6.45,-25.57,86,300 
-6.29,-25.25,86,300 
-6.14,-24.95,86,300 
-5.99,-24.66,86,300 
-5.85,-24.39,86,300 
-5.71,-24.14,86,300 
-5.58,-23.91,86,300 
-5.46,-23.68,86,300 
-5.34,-23.49,86,300 
-5.23,-23.32,86,300 
-5.12,-23.18,86,300 
-5.02,-23.06,86,300 
-4.93,-22.98,86,300 
-4.85,-22.91,86,300 
-4.77,-22.88,86,300 
-4.70,-22.87,86,300 
-4.64,-22.88,86,300 
-4.58,-22.91,86,300 
-4.53,-22.95,86,300 
-4.50,-23.02,86,300 
-4.48,-23.11,86,300 
-4.46,-23.22,86,300 
-4.46,-23.36,86,300 
-4.46,-23.51,86,300 
-4.47,-23.68,86,300 
-4.50,-23.87,86,300 
-4.53,-24.09,86,300 
-4.58,-24.34,86,300 
-4.64,-24.61,86,300 
-4.70,-24.90,86,300 
-4.78,-25.20,86,300 
-4.86,-25.51,86,300 
-4.95,-25.83,86,300 
-5.04,-26.17,86,300 
-5.13,-26.52,86,300 
-5.22,-26.87,86,300 
-5.31,-27.24,86,300 
-5.41,-27.61,86,300 
-5.51,-28.00,86,300 
-5.62,-28.39,86,300 
-5.71,-28.80,86,300 
-5.82,-29.23,86,300 
-5.93,-29.67,86,300 
-6.03,-30.10,86,300 
-6.13,-30.54,86,300 
-6.25,-30.99,86,300 
-6.36,-31.42,86,300 
-6.48,-31.88,86,300 
-6.60,-32.34,86,300 
-6.71,-32.79,86,300 
-6.84,-33.24,86,300 
-6.94,-33.70,86,300 
-7.12,-34.18,86,300 
-7.41,-34.61,86,300 
-7.69,-35.05,86,300 
-7.96,-35.50,86,300 
-8.20,-35.94,86,300 
-8.40,-36.38,86,300 
-8.65,-36.83,86,300 
-8.98,-37.25,86,300 
-9.30,-37.66,86,300 
-9.56,-38.05,86,300 
-9.82,-38.44,86,300 
-10.14,-38.82,86,300 
-10.50,-39.16,86,300 
-10.80,-39.48,86,300 
-11.07,-39.79,86,300 
-11.37,-40.08,86,300 
-11.69,-40.37,86,300 
-11.98,-40.63,86,300 
-12.24,-40.89,86,300 
-12.51,-41.14,86,300 
-12.81,-41.35,86,300 
-13.09,-41.55,86,300 
-13.37,-41.74,86,300 
-13.68,-41.92,86,300 
-14.01,-42.08,86,300 
-14.33,-42.21,86,300 
-14.61,-42.32,86,300 
-14.88,-42.40,86,300 
-15.12,-42.45,86,300 
-15.35,-42.49,86,300 
-15.55,-42.50,86,300 
-15.73,-42.49,86,300 
-15.91,-42.45,86,300 
-16.06,-42.38,86,300 
-16.19,-42.29,86,300 
-16.32,-42.18,86,300 
-16.42,-42.04,86,300 
-16.50,-41.89,86,300 
-16.55,-41.71,86,300 
-16.58,-41.51,86,300 
-16.60,-41.29,86,300 
-16.59,-41.05,86,300 
-16.55,-40.80,86,300 
-16.50,-40.53,86,300 
-16.43,-40.23,86,300 
-16.31,-39.91,86,300 
-16.15,-39.56,86,300 
-15.96,-39.18,86,300 
-15.77,-38.81,86,300 
-15.60,-38.43,86,300 
-15.40,-38.05,86,300 
-15.20,-37.64,86,300 
-15.01,-37.24,86,300 
-14.83,-36.84,86,300 
-14.62,-36.43,86,300 
-14.41,-35.99,86,300 
-14.21,-35.55,86,300 
-14.00,-35.10,86,300 
-13.77,-34.64,86,300 
-13.53,-34.19,86,300 
-13.29,-33.74,86,300 
-13.02,-33.29,86,300 
-12.73,-32.83,86,300 
-12.43,-32.38,86,300 
-12.13,-31.92,86,300 
-11.84,-31.47,86,300 
-11.52,-31.02,86,300 
-11.22,-30.58,86,300 
-10.92,-30.14,86,300 
-10.65,-29.70,86,300 
-10.38,-29.27,86,300 
-10.13,-28.86,86,300 
-9.88,-28.45,86,300 
-9.64,-28.05,86,300 
-9.42,-27.65,86,300 
-9.20,-27.28,86,300 
-8.98,-26.92,86,300 
-8.77,-26.58,86,300 
-8.57,-26.26,86,300 
-8.37,-25.94,86,300 
-8.19,-25.66,86,300 
-8.01,-25.39,86,300 
-7.83,-25.14,86,300 
-7.66,-24.90,86,300 
-7.49,-24.67,86,300 
-7.33,-24.46,86,300 
-7.18,-24.28,86,300 
-7.03,-24.11,86,300 
-6.88,-23.96,86,300 
-6.75,-23.83,86,300 
-6.61,-23.73,86,300 
-6.49,-23.65,86,300 
-6.36,-23.58,86,300 
-6.25,-23.53,86,300 
-6.13,-23.50,86,300 
-6.03,-23.50,86,300 
-5.94,-23.51,86,300 
-5.86,-23.55,86,300 
-5.79,-23.62,86,300 
-5.73,-23.70,86,300 
-5.68,-23.80,86,300 
-5.64,-23.93,86,300 
-5.60,-24.08,86,300 
-5.57,-24.25,86,300 
-5.54,-24.45,86,300 
-5.52,-24.67,86,300 
-5.51,-24.89,86,300 
-5.50,-25.12,86,300 
-5.48,-25.37,86,300 
-5.48,-25.63,86,300 
-5.48,-25.92,86,300 
-5.48,-26.20,86,300 
-5.49,-26.51,86,300 
-5.51,-26.84,86,300 
-5.53,-27.16,86,300 
-5.55,-27.50,86,300 
-5.57,-27.84,86,300 
-5.61,-28.20,86,300 
-5.65,-28.57,86,300 
-5.69,-28.95,86,300 
-5.74,-29.34,86,300 
-5.78,-29.75,86,300 
-5.83,-30.15,86,300 
-5.89,-30.56,86,300 
-5.96,-30.97,86,300 
-6.05,-31.39,86,300 
-6.15,-31.81,86,300 
-6.25,-32.23,86,300 
-6.35,-32.66,86,300 
-6.46,-33.08,86,300 
-6.59,-33.50,86,300 
-6.73,-33.93,86,300 
-6.89,-34.34,86,300 
-7.04,-34.75,86,300 
-7.20,-35.17,86,300 
-7.37,-35.58,86,300 
-7.57,-36.00,86,300 
-7.77,-36.41,86,300 
-7.97,-36.80,86,300 
-8.18,-37.19,86,300 
-8.39,-37.57,86,300 
-8.62,-37.93,86,300 
-8.86,-38.28,86,300 
-9.11,-38.61,86,300 
-9.34,-38.94,86,300 
-9.57,-39.25,86,300 
-9.82,-39.54,86,300 
-10.08,-39.83,86,300 
-10.34,-40.08,86,300 
-10.58,-40.33,86,300 
-10.82,-40.56,86,300 
-11.05,-40.78,86,300 
-11.28,-40.98,86,300 
-11.50,-41.16,86,300 
-11.71,-41.32,86,300 
-11.94,-41.46,86,300 
-12.15,-41.57,86,300 
-12.36,-41.66,86,300 
-12.56,-41.74,86,300 
-12.77,-41.79,86,300 
-12.98,-41.83,86,300 
-13.19,-41.85,86,300 
-13.40,-41.84,86,300 
-13.63,-41.82,86,300 
-13.85,-41.78,86,300 
-14.07,-41.71,86,300 
-14.30,-41.63,86,300 
-14.51,-41.52,86,300 
-14.72,-41.39,86,300 
-14.90,-41.24,86,300 
-15.07,-41.07,86,300 
-15.20,-40.87,86,300 
-15.31,-40.65,86,300 
-15.38,-40.41,86,300 
-15.42,-40.14,86,300 
-15.43,-39.84,86,300 
-15.42,-39.54,86,300 
-15.40,-39.21,86,300 
-15.34,-38.86,86,300 
-15.29,-38.51,86,300 
-15.23,-38.15,86,300 
-15.17,-37.79,86,300 
-15.10,-37.41,86,300 
-15.02,-37.04,86,300 
-14.95,-36.65,86,300 
-14.89,-36.26,86,300 
-14.82,-35.86,86,300 
-14.74,-35.45,86,300 
-14.63,-35.05,86,300 
-14.54,-34.63,86,300 
-14.43,-34.23,86,300 
-14.31,-33.83,86,300 
-14.17,-33.43,86,300 
-14.04,-33.03,86,300 
-13.90,-32.63,86,300 
-13.74,-32.23,86,300 
-13.57,-31.84,86,300 
-13.39,-31.45,86,300 
-13.20,-31.07,86,300 
-13.00,-30.71,86,300 
-12.76,-30.35,86,300 
-12.51,-29.99,86,300 
-12.26,-29.63,86,300 
-12.00,-29.29,86,300 
-11.71,-28.93,86,300 
-11.40,-28.57,86,300 
-11.10,-28.24,86,300 
-10.83,-27.91,86,300 
-10.55,-27.61,86,300 
-10.27,-27.32,86,300 
-10.01,-27.05,86,300 
-9.77,-26.81,86,300 
-9.53,-26.57,86,300 
-9.29,-26.34,86,300 
-9.05,-26.13,86,300 
-8.81,-25.94,86,300 
-8.59,-25.76,86,300 
-8.38,-25.60,86,300 
-8.19,-25.47,86,300 
-8.01,-25.35,86,300 
-7.84,-25.25,86,300 
-7.67,-25.16,86,300 
-7.52,-25.08,86,300 
-7.37,-25.02,86,300 
-7.22,-24.98,86,300 
-7.08,-24.95,86,300 
-6.94,-24.94,86,300 
-6.80,-24.94,86,300 
-6.67,-24.96,86,300 
-6.55,-24.99,86,300 
-6.44,-25.04,86,300 
-6.33,-25.12,86,300 
-6.22,-25.19,86,300 
-6.12,-25.30,86,300 
-6.02,-25.41,86,300 
-5.93,-25.53,86,300 
-5.84,-25.66,86,300 
-5.75,-25.81,86,300 
-5.67,-25.97,86,300 
-5.59,-26.13,86,300 
-5.52,-26.31,86,300 
-5.45,-26.51,86,300 
-5.39,-26.71,86,300 
-5.33,-26.93,86,300 
-5.28,-27.16,86,300 
-5.23,-27.40,86,300 
-5.19,-27.64,86,300 
-5.16,-27.90,86,300 
-5.12,-28.17,86,300 
-5.10,-28.45,86,300 
-5.08,-28.74,86,300 
-5.06,-29.04,86,300 
-5.05,-29.35,86,300 
-5.04,-29.68,86,300 
-5.04,-30.02,86,300 
-5.04,-30.35,86,300 
-5.03,-30.69,86,300 
-5.03,-31.02,86,300 
-5.04,-31.35,86,300 
-5.05,-31.69,86,300 
-5.07,-32.03,86,300 
-5.08,-32.40,86,300 
-5.11,-32.76,86,300 
-5.14,-33.11,86,300 
-5.18,-33.46,86,300 
-5.21,-33.81,86,300 
-5.25,-34.15,86,300 
-5.30,-34.49,86,300 
-5.34,-34.83,86,300 
-5.39,-35.16,86,300 
-5.44,-35.48,86,300 
-5.49,-35.79,86,300 
-5.54,-36.10,86,300 
-5.60,-36.40,86,300 
-5.66,-36.69,86,300 
-5.75,-36.97,86,300 
-5.85,-37.25,86,300 
-5.95,-37.52,86,300 
-6.06,-37.78,86,300 
-6.18,-38.03,86,300 
-6.33,-38.27,86,300 
-6.50,-38.51,86,300 
-6.69,-38.74,86,300 
-6.88,-38.96,86,300 
-7.09,-39.16,86,300 
-7.29,-39.35,86,300 
-7.49,-39.53,86,300 
-7.69,-39.70,86,300 
-7.89,-39.85,86,300 
-8.10,-39.99,86,300 
-8.33,-40.12,86,300 
-8.57,-40.23,86,300 
-8.78,-40.32,86,300 
-9.00,-40.41,86,300 
-9.22,-40.47,86,300 
-9.45,-40.52,86,300 
-9.68,-40.55,86,300 
-9.91,-40.56,86,300 
-10.14,-40.57,86,300 
-10.38,-40.55,86,300 
-10.61,-40.51,86,300 
-10.83,-40.46,86,300 
-11.04,-40.39,86,300 
-11.24,-40.31,86,300 
-11.44,-40.22,86,300 
-11.63,-40.12,86,300 
-11.80,-40.00,86,300 
-11.98,-39.88,86,300 
-12.13,-39.74,86,300 
-12.30,-39.58,86,300 
-12.46,-39.41,86,300 
-12.61,-39.23,86,300 
-12.76,-39.03,86,300 
-12.90,-38.82,86,300 
-13.04,-38.61,86,300 
-13.18,-38.38,86,300 
-13.33,-38.14,86,300 
-13.47,-37.91,86,300 
-13.61,-37.65,86,300 
-13.75,-37.40,86,300 
-13.89,-37.12,86,300 
-14.02,-36.84,86,300 
-14.15,-36.55,86,300 
-14.29,-36.26,86,300 
-14.43,-35.95,86,300 
-14.55,-35.65,86,300 
-14.66,-35.35,86,300 
-14.77,-35.05,86,300 
-14.87,-34.73,86,300 
-14.95,-34.43,86,300 
-15.02,-34.12,86,300 
-15.07,-33.81,86,300 
-15.11,-33.51,86,300 
-15.12,-33.20,86,300 
-15.11,-32.88,86,300 
-15.09,-32.56,86,300 
-15.04,-32.25,86,300 
-15.00,-31.95,86,300 
-14.95,-31.65,86,300 
-14.89,-31.35,86,300 
-14.84,-31.06,86,300 
-14.77,-30.77,86,300 
-14.71,-30.49,86,300 
-14.64,-30.22,86,300 
-14.57,-29.95,86,300 
-14.49,-29.69,86,300 
-14.41,-29.46,86,300 
-14.32,-29.23,86,300 
-14.22,-29.00,86,300 
-14.10,-28.79,86,300 
-13.98,-28.58,86,300 
-13.83,-28.38,86,300 
-13.68,-28.19,86,300 
-13.52,-28.00,86,300 
-13.34,-27.84,86,300 
-13.16,-27.68,86,300 
-12.97,-27.52,86,300 
-12.76,-27.38,86,300 
-12.54,-27.25,86,300 
-12.30,-27.12,86,300 
-12.04,-26.99,86,300 
-11.75,-26.89,86,300 
-11.44,-26.79,86,300 
-11.15,-26.71,86,300 
-10.87,-26.65,86,300 
-10.61,-26.58,86,300 
-10.35,-26.55,86,300 
-10.09,-26.51,86,300 
-9.84,-26.50,86,300 
-9.60,-26.50,86,300 
-9.38,-26.52,86,300 
-9.15,-26.55,86,300 
-8.94,-26.59,86,300 
-8.72,-26.64,86,300 
-8.51,-26.70,86,300 
-8.30,-26.77,86,300 
-8.11,-26.86,86,300 
-7.93,-26.95,86,300 
-7.75,-27.06,86,300 
-7.59,-27.18,86,300 
-7.42,-27.32,86,300 
-7.26,-27.47,86,300 
-7.12,-27.64,86,300 
-7.00,-27.83,86,300 
