-7.35,-45.22,57,300 
-7.35,-45.21,57,300 
-7.36,-45.21,57,300 
-7.35,-45.22,57,300 
-7.35,-45.22,57,300 
-7.35,-45.22,57,300 
-7.33,-45.22,57,300 
-7.31,-45.23,57,300 
-7.29,-45.22,57,300 
-7.25,-45.22,57,300 
-7.21,-45.24,57,300 
-7.18,-45.26,57,300 
-7.16,-45.27,57,300 
-7.13,-45.29,57,300 
-7.11,-45.30,57,300 
-7.10,-45.32,57,300 
-7.09,-45.34,57,300 
-7.06,-45.37,57,300 
-7.06,-45.41,57,300 
-7.05,-45.44,57,300 
-7.01,-45.45,57,300 
-6.99,-45.47,57,300 
-7.00,-45.47,57,300 
-7.01,-45.48,57,300 
-7.00,-45.48,57,300 
-6.98,-45.49,57,300 
-6.93,-45.57,57,300 
-6.91,-45.58,57,300 
-6.90,-45.53,57,300 
-6.89,-45.41,57,300 
-6.88,-45.26,57,300 
-6.88,-45.04,57,300 
-6.89,-44.74,57,300 
-6.90,-44.40,57,300 
-6.93,-44.01,57,300 
-6.96,-43.54,57,300 
-7.00,-43.04,57,300 
-7.04,-42.46,57,300 
-7.08,-41.85,57,300 
-7.11,-41.15,57,300 
-7.13,-40.42,57,300 
-7.13,-39.63,57,300 
-7.13,-38.79,57,300 
-7.16,-37.90,57,300 
-7.17,-36.97,57,300 
-7.20,-35.99,57,300 
-7.22,-34.95,57,300 
-7.24,-33.86,57,300 
-7.26,-32.73,57,300 
-7.28,-31.56,57,300 
-7.31,-30.35,57,300 
-7.34,-29.12,57,300 
-7.37,-27.85,57,300 
-7.39,-26.54,57,300 
-7.43,-25.19,57,300 
-7.43,-23.82,57,300 
-7.42,-22.41,57,300 
-7.41,-20.98,57,300 
-7.40,-19.54,57,300 
-7.36,-18.08,57,300 
-7.34,-16.60,57,300 
-7.32,-15.10,57,300 
-7.28,-13.59,57,300 
-7.24,-12.09,57,300 
-7.19,-10.56,57,300 
-7.11,-9.05,57,300 
-7.05,-7.55,57,300 
-6.96,-6.02,57,300 
-6.87,-4.50,57,300 
-6.75,-2.95,57,300 
-6.65,-1.44,57,300 
-6.52,0.06,57,300 
-6.39,1.55,57,300 
-6.26,3.05,57,300 
-6.15,4.51,57,300 
-5.99,5.98,57,300 
-5.83,7.44,57,300 
-5.64,8.89,57,300 
-5.46,10.32,57,300 
-5.28,11.85,57,300 
-5.10,13.28,57,300 
-4.89,14.69,57,300 
-4.70,16.06,57,300 
-4.49,17.42,57,300 
-4.24,18.78,57,300 
-4.01,20.09,57,300 
-3.79,21.38,57,300 
-3.56,22.65,57,300 
-3.34,23.89,57,300 
-3.09,25.09,57,300 
-2.83,26.28,57,300 
-2.55,27.42,57,300 
-2.24,28.52,57,300 
-1.92,29.58,57,300 
-1.59,30.59,57,300 
-1.27,31.55,57,300 
-0.91,32.48,57,300 
-0.57,33.36,57,300 
-0.22,34.18,57,300 
0.12,34.96,57,300 
0.43,35.69,57,300 
0.75,36.37,57,300 
1.04,37.00,57,300 
1.33,37.57,57,300 
1.63,38.08,57,300 
1.89,38.57,57,300 
2.20,39.00,57,300 
2.49,39.36,57,300 
2.77,39.65,57,300 
3.04,39.87,57,300 
3.30,40.05,57,300 
3.56,40.16,57,300 
3.81,40.21,57,300 
4.05,40.21,57,300 
4.27,40.14,57,300 
4.47,40.02,57,300 
4.66,39.84,57,300 
4.86,39.61,57,300 
5.04,39.31,57,300 
5.20,38.96,57,300 
5.35,38.55,57,300 
5.51,38.07,57,300 
5.67,37.55,57,300 
5.80,36.97,57,300 
5.92,36.35,57,300 
6.02,35.69,57,300 
6.11,34.97,57,300 
6.18,34.20,57,300 
6.23,33.39,57,300 
6.26,32.52,57,300 
6.28,31.62,57,300 
6.27,30.66,57,300 
6.26,29.68,57,300 
6.22,28.66,57,300 
6.16,27.60,57,300 
6.12,26.45,57,300 
6.03,25.28,57,300 
5.97,24.14,57,300 
5.83,22.91,57,300 
5.66,21.69,57,300 
5.54,20.47,57,300 
5.38,19.20,57,300 
5.21,17.90,57,300 
5.02,16.59,57,300 
4.81,15.28,57,300 
4.56,13.94,57,300 
4.32,12.59,57,300 
4.05,11.22,57,300 
3.77,9.86,57,300 
3.52,8.48,57,300 
3.23,7.11,57,300 
2.93,5.73,57,300 
2.60,4.36,57,300 
2.24,2.98,57,300 
1.86,1.60,57,300 
1.46,0.24,57,300 
1.03,-1.12,57,300 
0.56,-2.49,57,300 
0.08,-3.86,57,300 
-0.38,-5.22,57,300 
-0.86,-6.58,57,300 
-1.34,-7.88,57,300 
-1.80,-9.27,57,300 
-2.24,-10.64,57,300 
-2.70,-12.03,57,300 
-3.11,-13.42,57,300 
-3.56,-14.81,57,300 
-3.98,-16.20,57,300 
-4.42,-17.57,57,300 
-4.83,-18.91,57,300 
-5.24,-20.25,57,300 
-5.66,-21.56,57,300 
-6.09,-22.85,57,300 
-6.52,-24.13,57,300 
-6.94,-25.37,57,300 
-7.36,-26.59,57,300 
-7.76,-27.77,57,300 
-8.16,-28.95,57,300 
-8.55,-30.07,57,300 
-8.93,-31.18,57,300 
-9.35,-32.25,57,300 
-9.76,-33.26,57,300 
-10.15,-34.22,57,300 
-10.54,-35.14,57,300 
-10.91,-36.03,57,300 
-11.26,-36.84,57,300 
-11.55,-37.60,57,300 
-11.77,-38.30,57,300 
-11.93,-38.91,57,300 
-12.00,-39.56,57,300 
-12.25,-40.12,57,300 
-12.78,-40.63,57,300 
-13.18,-41.06,57,300 
-13.46,-41.46,57,300 
-13.66,-41.82,57,300 
-13.93,-42.12,57,300 
-14.27,-42.37,57,300 
-14.53,-42.54,57,300 
-14.74,-42.68,57,300 
-14.96,-42.75,57,300 
-15.18,-42.77,57,300 
-15.33,-42.75,57,300 
-15.48,-42.67,57,300 
-15.60,-42.54,57,300 
-15.67,-42.36,57,300 
-15.73,-42.13,57,300 
-15.77,-41.84,57,300 
-15.77,-41.51,57,300 
-15.76,-41.11,57,300 
-15.70,-40.66,57,300 
-15.61,-40.17,57,300 
-15.49,-39.63,57,300 
-15.33,-39.02,57,300 
-15.15,-38.38,57,300 
-14.97,-37.68,57,300 
-14.76,-36.93,57,300 
-14.53,-36.15,57,300 
-14.27,-35.33,57,300 
-13.99,-34.44,57,300 
-13.67,-33.52,57,300 
-13.33,-32.54,57,300 
-12.95,-31.53,57,300 
-12.57,-30.52,57,300 
-12.14,-29.44,57,300 
-11.70,-28.33,57,300 
-11.23,-27.19,57,300 
-10.74,-26.04,57,300 
-10.22,-24.84,57,300 
-9.72,-23.64,57,300 
-9.20,-22.39,57,300 
-8.70,-21.15,57,300 
-8.19,-19.88,57,300 
-7.69,-18.59,57,300 
-7.18,-17.29,57,300 
-6.66,-15.96,57,300 
-6.13,-14.61,57,300 
-5.62,-13.27,57,300 
-5.12,-11.91,57,300 
-4.63,-10.57,57,300 
-4.14,-9.21,57,300 
-3.67,-7.87,57,300 
-3.23,-6.53,57,300 
-2.82,-5.18,57,300 
-2.43,-3.84,57,300 
-2.08,-2.48,57,300 
-1.80,-1.16,57,300 
-1.56,0.16,57,300 
-1.36,1.39,57,300 
-1.19,2.67,57,300 
-0.83,3.98,57,300 
-0.38,5.27,57,300 
0.09,6.60,57,300 
0.41,7.87,57,300 
0.70,9.08,57,300 
0.97,10.38,57,300 
1.30,11.63,57,300 
1.63,12.87,57,300 
1.90,14.11,57,300 
2.19,15.34,57,300 
2.48,16.56,57,300 
2.74,17.76,57,300 
2.97,18.92,57,300 
3.22,20.06,57,300 
3.43,21.19,57,300 
3.59,22.27,57,300 
3.79,23.35,57,300 
3.94,24.41,57,300 
4.08,25.44,57,300 
4.22,26.42,57,300 
4.36,27.36,57,300 
4.46,28.25,57,300 
4.56,29.11,57,300 
4.65,29.93,57,300 
4.71,30.70,57,300 
4.75,31.43,57,300 
4.79,32.12,57,300 
4.80,32.76,57,300 
4.80,33.35,57,300 
4.79,33.90,57,300 
4.75,34.40,57,300 
4.69,34.85,57,300 
4.63,35.24,57,300 
4.56,35.58,57,300 
4.47,35.87,57,300 
4.37,36.11,57,300 
4.25,36.30,57,300 
4.12,36.43,57,300 
3.98,36.52,57,300 
3.81,36.54,57,300 
3.63,36.51,57,300 
3.46,36.44,57,300 
3.27,36.31,57,300 
3.10,36.12,57,300 
2.92,35.87,57,300 
2.74,35.57,57,300 
2.57,35.22,57,300 
2.38,34.83,57,300 
2.19,34.38,57,300 
2.01,33.88,57,300 
1.80,33.34,57,300 
1.58,32.73,57,300 
1.34,32.09,57,300 
1.11,31.39,57,300 
0.89,30.64,57,300 
0.69,29.87,57,300 
0.49,29.04,57,300 
0.30,28.18,57,300 
0.12,27.28,57,300 
-0.06,26.33,57,300 
-0.23,25.35,57,300 
-0.40,24.33,57,300 
-0.55,23.27,57,300 
-0.69,22.19,57,300 
-0.82,21.09,57,300 
-0.94,19.97,57,300 
-1.05,18.80,57,300 
-1.17,17.62,57,300 
-1.28,16.43,57,300 
-1.38,15.18,57,300 
-1.49,13.95,57,300 
-1.60,12.69,57,300 
-1.71,11.40,57,300 
-1.80,10.14,57,300 
-1.89,8.86,57,300 
-1.95,7.57,57,300 
-2.02,6.26,57,300 
-2.09,4.95,57,300 
-2.16,3.65,57,300 
-2.22,2.34,57,300 
-2.30,1.03,57,300 
-2.38,-0.26,57,300 
-2.47,-1.56,57,300 
-2.59,-2.88,57,300 
-2.71,-4.19,57,300 
-2.85,-5.50,57,300 
-2.97,-6.82,57,300 
-3.12,-8.20,57,300 
-3.26,-9.54,57,300 
-3.42,-10.84,57,300 
-3.59,-12.15,57,300 
-3.79,-13.45,57,300 
-4.00,-14.74,57,300 
-4.21,-16.04,57,300 
-4.41,-17.31,57,300 
-4.61,-18.57,57,300 
-4.81,-19.82,57,300 
-5.02,-21.05,57,300 
-5.20,-22.26,57,300 
-5.39,-23.46,57,300 
-5.57,-24.63,57,300 
-5.75,-25.77,57,300 
-5.92,-26.89,57,300 
-6.09,-27.96,57,300 
-6.28,-29.01,57,300 
-6.47,-30.01,57,300 
-6.66,-30.99,57,300 
-6.86,-31.93,57,300 
-7.06,-32.83,57,300 
-7.27,-33.69,57,300 
-7.46,-34.50,57,300 
-7.66,-35.27,57,300 
-7.86,-36.00,57,300 
-8.06,-36.69,57,300 
-8.26,-37.31,57,300 
-8.45,-37.90,57,300 
-8.64,-38.43,57,300 
-8.82,-38.91,57,300 
-8.99,-39.34,57,300 
-9.14,-39.73,57,300 
-9.27,-40.06,57,300 
-9.37,-40.34,57,300 
-9.45,-40.58,57,300 
-9.51,-40.75,57,300 
-9.52,-40.86,57,300 
-9.50,-40.91,57,300 
-9.43,-40.92,57,300 
-9.27,-40.91,57,300 
-9.15,-40.86,57,300 
-9.21,-40.73,57,300 
-9.37,-40.53,57,300 
-9.47,-40.26,57,300 
-9.46,-39.94,57,300 
-9.43,-39.58,57,300 
-9.45,-39.17,57,300 
-9.49,-38.71,57,300 
-9.47,-38.19,57,300 
-9.45,-37.62,57,300 
-9.45,-37.01,57,300 
-9.43,-36.35,57,300 
-9.39,-35.64,57,300 
-9.35,-34.89,57,300 
-9.31,-34.09,57,300 
-9.24,-33.28,57,300 
-9.18,-32.41,57,300 
-9.09,-31.50,57,300 
-8.99,-30.56,57,300 
-8.89,-29.59,57,300 
-8.76,-28.59,57,300 
-8.62,-27.55,57,300 
-8.47,-26.48,57,300 
-8.33,-25.38,57,300 
-8.18,-24.24,57,300 
-8.00,-23.09,57,300 
-7.80,-21.93,57,300 
-7.59,-20.75,57,300 
-7.38,-19.57,57,300 
-7.14,-18.37,57,300 
-6.90,-17.16,57,300 
-6.67,-15.93,57,300 
-6.41,-14.67,57,300 
-6.14,-13.46,57,300 
-5.87,-12.20,57,300 
-5.58,-10.97,57,300 
-5.28,-9.72,57,300 
-4.96,-8.47,57,300 
-4.66,-7.22,57,300 
-4.33,-5.97,57,300 
-3.99,-4.73,57,300 
-3.65,-3.49,57,300 
-3.31,-2.27,57,300 
-2.98,-1.07,57,300 
-2.66,0.14,57,300 
-2.35,1.32,57,300 
-2.07,2.52,57,300 
-1.81,3.69,57,300 
-1.60,4.87,57,300 
-1.41,6.04,57,300 
-1.27,7.22,57,300 
-1.22,8.54,57,300 
-1.14,9.79,57,300 
-0.83,10.90,57,300 
-0.45,12.03,57,300 
-0.13,13.16,57,300 
0.08,14.25,57,300 
0.26,15.35,57,300 
0.45,16.42,57,300 
0.70,17.49,57,300 
0.93,18.55,57,300 
1.13,19.57,57,300 
1.33,20.56,57,300 
1.52,21.56,57,300 
1.66,22.51,57,300 
1.83,23.43,57,300 
2.01,24.32,57,300 
2.14,25.17,57,300 
2.30,25.99,57,300 
2.44,26.78,57,300 
2.58,27.53,57,300 
2.72,28.25,57,300 
2.84,28.92,57,300 
2.94,29.54,57,300 
3.03,30.13,57,300 
3.11,30.67,57,300 
3.17,31.16,57,300 
3.22,31.62,57,300 
3.24,32.02,57,300 
3.26,32.40,57,300 
3.27,32.73,57,300 
3.27,33.01,57,300 
3.26,33.25,57,300 
3.25,33.44,57,300 
3.24,33.57,57,300 
3.21,33.65,57,300 
3.19,33.69,57,300 
3.16,33.66,57,300 
3.13,33.59,57,300 
3.10,33.46,57,300 
3.06,33.29,57,300 
3.02,33.07,57,300 
2.97,32.80,57,300 
2.92,32.49,57,300 
2.86,32.12,57,300 
2.81,31.72,57,300 
2.75,31.27,57,300 
2.69,30.77,57,300 
2.61,30.24,57,300 
2.52,29.66,57,300 
2.41,29.04,57,300 
2.30,28.38,57,300 
2.18,27.68,57,300 
2.05,26.95,57,300 
1.92,26.18,57,300 
1.78,25.37,57,300 
1.62,24.53,57,300 
1.44,23.66,57,300 
1.27,22.75,57,300 
1.10,21.80,57,300 
0.94,20.84,57,300 
0.78,19.85,57,300 
0.61,18.84,57,300 
0.47,17.79,57,300 
0.31,16.74,57,300 
0.17,15.67,57,300 
0.04,14.57,57,300 
-0.10,13.47,57,300 
-0.24,12.37,57,300 
-0.39,11.25,57,300 
-0.55,10.14,57,300 
-0.71,9.03,57,300 
-0.90,7.90,57,300 
-1.11,6.78,57,300 
-1.32,5.65,57,300 
-1.56,4.51,57,300 
-1.79,3.37,57,300 
-2.03,2.21,57,300 
-2.26,1.07,57,300 
-2.52,-0.07,57,300 
-2.78,-1.21,57,300 
-3.08,-2.36,57,300 
-3.35,-3.49,57,300 
-3.64,-4.64,57,300 
-3.93,-5.78,57,300 
-4.24,-6.94,57,300 
-4.54,-7.97,57,300 
-4.82,-9.14,57,300 
-5.09,-10.29,57,300 
-5.39,-11.44,57,300 
-5.64,-12.57,57,300 
-5.90,-13.70,57,300 
-6.15,-14.84,57,300 
-6.39,-15.97,57,300 
-6.62,-17.09,57,300 
-6.83,-18.19,57,300 
-7.04,-19.27,57,300 
-7.24,-20.34,57,300 
-7.41,-21.41,57,300 
-7.58,-22.47,57,300 
-7.73,-23.48,57,300 
-7.90,-24.50,57,300 
-8.07,-25.48,57,300 
-8.24,-26.44,57,300 
-8.40,-27.36,57,300 
-8.56,-28.24,57,300 
-8.72,-29.09,57,300 
-8.87,-29.89,57,300 
-8.99,-30.68,57,300 
-9.11,-31.44,57,300 
-9.21,-32.16,57,300 
-9.30,-32.83,57,300 
-9.37,-33.47,57,300 
-9.42,-34.07,57,300 
-9.47,-34.62,57,300 
-9.50,-35.12,57,300 
-9.51,-35.57,57,300 
-9.51,-35.98,57,300 
-9.49,-36.34,57,300 
-9.43,-36.65,57,300 
-9.34,-36.92,57,300 
-9.23,-37.13,57,300 
-9.03,-37.33,57,300 
-8.89,-37.50,57,300 
-8.90,-37.59,57,300 
-8.97,-37.60,57,300 
-9.00,-37.57,57,300 
-8.96,-37.50,57,300 
-8.92,-37.38,57,300 
-8.91,-37.20,57,300 
-8.90,-36.97,57,300 
-8.85,-36.69,57,300 
-8.81,-36.36,57,300 
-8.77,-35.99,57,300 
-8.70,-35.57,57,300 
-8.63,-35.12,57,300 
-8.57,-34.62,57,300 
-8.48,-34.06,57,300 
-8.41,-33.50,57,300 
-8.33,-32.87,57,300 
-8.25,-32.19,57,300 
-8.17,-31.48,57,300 
-8.08,-30.72,57,300 
-7.98,-29.94,57,300 
-7.88,-29.13,57,300 
-7.79,-28.29,57,300 
-7.67,-27.42,57,300 
-7.54,-26.52,57,300 
-7.42,-25.58,57,300 
-7.29,-24.59,57,300 
-7.16,-23.61,57,300 
-7.06,-22.58,57,300 
-6.95,-21.55,57,300 
-6.83,-20.50,57,300 
-6.70,-19.43,57,300 
-6.56,-18.36,57,300 
-6.42,-17.27,57,300 
-6.26,-16.18,57,300 
-6.09,-15.05,57,300 
-5.92,-13.92,57,300 
-5.71,-12.79,57,300 
-5.51,-11.67,57,300 
-5.28,-10.55,57,300 
-5.03,-9.43,57,300 
-4.77,-8.32,57,300 
-4.49,-7.19,57,300 
-4.22,-6.04,57,300 
-3.95,-4.91,57,300 
-3.70,-3.79,57,300 
-3.45,-2.67,57,300 
-3.20,-1.56,57,300 
-2.97,-0.46,57,300 
-2.75,0.63,57,300 
-2.55,1.71,57,300 
-2.36,2.78,57,300 
-2.20,3.84,57,300 
-2.09,4.89,57,300 
-1.99,5.94,57,300 
-1.95,6.97,57,300 
-1.95,7.98,57,300 
-1.97,9.01,57,300 
-1.88,10.00,57,300 
-1.67,11.00,57,300 
-1.40,11.98,57,300 
-1.21,12.98,57,300 
-1.11,13.96,57,300 
-1.02,14.92,57,300 
-0.88,15.87,57,300 
-0.73,16.80,57,300 
-0.60,17.71,57,300 
-0.46,18.61,57,300 
-0.30,19.49,57,300 
-0.14,20.33,57,300 
0.02,21.15,57,300 
0.21,21.95,57,300 
0.40,22.71,57,300 
0.61,23.44,57,300 
0.81,24.13,57,300 
1.00,24.78,57,300 
1.20,25.41,57,300 
1.38,26.00,57,300 
1.57,26.56,57,300 
1.74,27.08,57,300 
1.91,27.56,57,300 
2.07,28.00,57,300 
2.24,28.40,57,300 
2.38,28.75,57,300 
2.52,29.07,57,300 
2.64,29.34,57,300 
2.75,29.58,57,300 
2.85,29.77,57,300 
2.92,29.92,57,300 
2.99,30.03,57,300 
3.03,30.10,57,300 
3.07,30.14,57,300 
3.09,30.13,57,300 
3.10,30.08,57,300 
3.09,29.99,57,300 
3.07,29.85,57,300 
3.03,29.68,57,300 
2.98,29.48,57,300 
2.91,29.23,57,300 
2.84,28.94,57,300 
2.74,28.62,57,300 
2.63,28.25,57,300 
2.50,27.85,57,300 
2.37,27.40,57,300 
2.23,26.92,57,300 
2.07,26.40,57,300 
1.91,25.83,57,300 
1.74,25.24,57,300 
1.56,24.62,57,300 
1.36,23.96,57,300 
1.16,23.28,57,300 
0.95,22.57,57,300 
0.73,21.82,57,300 
0.54,21.03,57,300 
0.35,20.22,57,300 
0.18,19.38,57,300 
-0.00,18.52,57,300 
-0.16,17.64,57,300 
-0.31,16.74,57,300 
-0.44,15.83,57,300 
-0.57,14.91,57,300 
-0.70,13.97,57,300 
-0.84,13.02,57,300 
-0.98,12.05,57,300 
-1.13,11.08,57,300 
-1.28,10.11,57,300 
-1.45,9.11,57,300 
-1.64,8.12,57,300 
-1.84,7.12,57,300 
-2.05,6.11,57,300 
-2.26,5.10,57,300 
-2.48,4.10,57,300 
-2.69,3.11,57,300 
-2.91,2.08,57,300 
-3.15,1.07,57,300 
-3.38,0.07,57,300 
-3.62,-0.94,57,300 
-3.87,-1.96,57,300 
-4.12,-2.97,57,300 
-4.36,-4.00,57,300 
-4.61,-5.02,57,300 
-4.86,-6.04,57,300 
-5.12,-7.04,57,300 
-5.39,-8.12,57,300 
-5.65,-9.10,57,300 
-5.90,-10.12,57,300 
-6.14,-11.12,57,300 
-6.36,-12.14,57,300 
-6.58,-13.13,57,300 
-6.76,-14.12,57,300 
-6.94,-15.14,57,300 
-7.11,-16.11,57,300 
-7.25,-17.09,57,300 
-7.38,-18.05,57,300 
-7.50,-19.00,57,300 
-7.61,-19.93,57,300 
-7.70,-20.85,57,300 
-7.78,-21.76,57,300 
-7.86,-22.65,57,300 
-7.94,-23.53,57,300 
-8.02,-24.37,57,300 
-8.10,-25.20,57,300 
-8.20,-26.00,57,300 
-8.29,-26.77,57,300 
-8.39,-27.51,57,300 
-8.48,-28.21,57,300 
-8.56,-28.89,57,300 
-8.64,-29.53,57,300 
-8.73,-30.14,57,300 
-8.81,-30.72,57,300 
-8.89,-31.26,57,300 
-8.97,-31.76,57,300 
-9.05,-32.22,57,300 
-9.13,-32.64,57,300 
-9.20,-33.02,57,300 
-9.25,-33.35,57,300 
-9.31,-33.64,57,300 
-9.36,-33.89,57,300 
-9.40,-34.10,57,300 
-9.44,-34.27,57,300 
-9.48,-34.39,57,300 
-9.50,-34.47,57,300 
-9.52,-34.51,57,300 
-9.54,-34.51,57,300 
-9.54,-34.47,57,300 
-9.54,-34.38,57,300 
-9.53,-34.23,57,300 
-9.50,-34.05,57,300 
-9.47,-33.83,57,300 
-9.42,-33.57,57,300 
-9.36,-33.27,57,300 
-9.29,-32.93,57,300 
-9.21,-32.54,57,300 
-9.11,-32.12,57,300 
-9.01,-31.66,57,300 
-8.88,-31.16,57,300 
-8.75,-30.61,57,300 
-8.61,-30.03,57,300 
-8.44,-29.41,57,300 
-8.26,-28.76,57,300 
-8.06,-28.09,57,300 
-7.83,-27.40,57,300 
-7.62,-26.70,57,300 
-7.49,-25.93,57,300 
-7.42,-25.14,57,300 
-7.32,-24.31,57,300 
-7.21,-23.47,57,300 
-7.13,-22.60,57,300 
-7.07,-21.70,57,300 
-6.98,-20.79,57,300 
-6.88,-19.87,57,300 
-6.79,-18.94,57,300 
-6.68,-18.00,57,300 
-6.56,-17.05,57,300 
-6.43,-16.08,57,300 
-6.27,-15.09,57,300 
-6.12,-14.10,57,300 
-5.95,-13.12,57,300 
-5.77,-12.13,57,300 
-5.57,-11.15,57,300 
-5.36,-10.17,57,300 
-5.12,-9.19,57,300 
-4.88,-8.20,57,300 
-4.62,-7.23,57,300 
-4.36,-6.23,57,300 
-4.10,-5.25,57,300 
-3.85,-4.26,57,300 
-3.62,-3.27,57,300 
-3.38,-2.28,57,300 
-3.16,-1.32,57,300 
-2.93,-0.36,57,300 
-2.71,0.59,57,300 
-2.50,1.53,57,300 
-2.32,2.47,57,300 
-2.18,3.38,57,300 
-2.05,4.29,57,300 
-1.97,5.20,57,300 
-1.91,6.11,57,300 
-1.89,7.00,57,300 
-1.89,7.75,57,300 
-1.90,8.66,57,300 
-1.73,9.47,57,300 
-1.47,10.32,57,300 
-1.26,11.18,57,300 
-1.16,12.02,57,300 
-1.11,12.86,57,300 
-1.03,13.68,57,300 
-0.90,14.50,57,300 
-0.79,15.29,57,300 
-0.72,16.09,57,300 
-0.63,16.86,57,300 
-0.52,17.62,57,300 
-0.42,18.35,57,300 
-0.29,19.05,57,300 
-0.15,19.74,57,300 
-0.02,20.41,57,300 
0.13,21.02,57,300 
0.29,21.63,57,300 
0.46,22.20,57,300 
0.66,22.74,57,300 
0.85,23.24,57,300 
1.03,23.70,57,300 
1.21,24.14,57,300 
1.38,24.54,57,300 
1.54,24.92,57,300 
1.69,25.25,57,300 
1.83,25.55,57,300 
1.97,25.82,57,300 
2.11,26.06,57,300 
2.24,26.27,57,300 
2.36,26.44,57,300 
2.46,26.56,57,300 
2.57,26.66,57,300 
2.67,26.70,57,300 
2.75,26.71,57,300 
2.83,26.67,57,300 
2.90,26.60,57,300 
2.96,26.49,57,300 
2.99,26.35,57,300 
3.01,26.16,57,300 
3.02,25.93,57,300 
3.03,25.67,57,300 
3.01,25.37,57,300 
2.98,25.04,57,300 
2.94,24.68,57,300 
2.89,24.28,57,300 
2.84,23.86,57,300 
2.77,23.40,57,300 
2.70,22.90,57,300 
2.62,22.39,57,300 
2.54,21.84,57,300 
2.44,21.26,57,300 
2.32,20.67,57,300 
2.18,20.07,57,300 
2.02,19.46,57,300 
1.84,18.81,57,300 
1.64,18.15,57,300 
1.42,17.47,57,300 
1.19,16.77,57,300 
0.93,16.06,57,300 
0.66,15.35,57,300 
0.38,14.62,57,300 
0.08,13.88,57,300 
-0.21,13.14,57,300 
-0.52,12.38,57,300 
-0.82,11.62,57,300 
-1.14,10.85,57,300 
-1.47,10.10,57,300 
-1.83,9.32,57,300 
-2.20,8.53,57,300 
-2.55,7.75,57,300 
-2.91,6.95,57,300 
-3.27,6.13,57,300 
-3.61,5.32,57,300 
-3.93,4.51,57,300 
-4.25,3.67,57,300 
-4.56,2.83,57,300 
-4.86,1.98,57,300 
-5.14,1.13,57,300 
-5.42,0.29,57,300 
-5.70,-0.55,57,300 
-5.96,-1.39,57,300 
-6.22,-2.24,57,300 
-6.48,-3.12,57,300 
-6.71,-3.99,57,300 
-6.94,-4.85,57,300 
-7.17,-5.73,57,300 
-7.38,-6.59,57,300 
-7.58,-7.43,57,300 
-7.77,-8.31,57,300 
-7.95,-9.19,57,300 
-8.12,-10.05,57,300 
-8.29,-10.90,57,300 
-8.46,-11.74,57,300 
-8.61,-12.58,57,300 
-8.76,-13.41,57,300 
-8.90,-14.25,57,300 
-9.03,-15.09,57,300 
-9.13,-15.91,57,300 
-9.23,-16.72,57,300 
-9.31,-17.53,57,300 
-9.38,-18.33,57,300 
-9.42,-19.10,57,300 
-9.44,-19.86,57,300 
-9.45,-20.61,57,300 
-9.44,-21.35,57,300 
-9.40,-22.07,57,300 
-9.33,-22.78,57,300 
-9.24,-23.47,57,300 
-9.12,-24.14,57,300 
-8.97,-24.79,57,300 
-8.80,-25.40,57,300 
-8.57,-26.03,57,300 
-8.42,-26.61,57,300 
-8.40,-27.16,57,300 
-8.42,-27.66,57,300 
-8.38,-28.12,57,300 
-8.30,-28.56,57,300 
-8.22,-28.97,57,300 
-8.18,-29.34,57,300 
-8.13,-29.67,57,300 
-8.07,-29.98,57,300 
-8.03,-30.26,57,300 
-8.00,-30.50,57,300 
-7.96,-30.70,57,300 
-7.92,-30.87,57,300 
-7.89,-31.00,57,300 
-7.84,-31.10,57,300 
-7.81,-31.14,57,300 
-7.78,-31.16,57,300 
-7.75,-31.13,57,300 
-7.72,-31.07,57,300 
-7.69,-30.98,57,300 
-7.66,-30.84,57,300 
-7.62,-30.66,57,300 
-7.58,-30.44,57,300 
-7.54,-30.19,57,300 
-7.50,-29.91,57,300 
-7.47,-29.60,57,300 
-7.44,-29.26,57,300 
-7.42,-28.89,57,300 
-7.41,-28.49,57,300 
-7.40,-28.05,57,300 
-7.39,-27.59,57,300 
-7.39,-27.09,57,300 
-7.41,-26.57,57,300 
-7.42,-26.02,57,300 
-7.44,-25.44,57,300 
-7.45,-24.82,57,300 
-7.47,-24.19,57,300 
-7.51,-23.53,57,300 
-7.53,-22.86,57,300 
-7.57,-22.14,57,300 
-7.60,-21.41,57,300 
-7.64,-20.67,57,300 
-7.66,-19.91,57,300 
-7.67,-19.15,57,300 
-7.68,-18.36,57,300 
-7.67,-17.57,57,300 
-7.65,-16.77,57,300 
-7.62,-15.97,57,300 
-7.59,-15.14,57,300 
-7.53,-14.30,57,300 
-7.47,-13.45,57,300 
-7.40,-12.62,57,300 
-7.31,-11.78,57,300 
-7.21,-10.95,57,300 
-7.09,-10.12,57,300 
-6.98,-9.29,57,300 
-6.85,-8.44,57,300 
-6.72,-7.59,57,300 
-6.58,-6.73,57,300 
-6.43,-5.88,57,300 
-6.27,-5.03,57,300 
-6.10,-4.18,57,300 
-5.94,-3.35,57,300 
-5.76,-2.50,57,300 
-5.56,-1.67,57,300 
-5.37,-0.85,57,300 
-5.16,-0.04,57,300 
-4.96,0.75,57,300 
-4.75,1.54,57,300 
-4.53,2.33,57,300 
-4.32,3.11,57,300 
-4.10,3.87,57,300 
-3.87,4.62,57,300 
-3.63,5.36,57,300 
-3.39,6.10,57,300 
-3.14,6.82,57,300 
-2.89,7.55,57,300 
-2.65,8.29,57,300 
-2.42,8.95,57,300 
-2.19,9.62,57,300 
-1.98,10.28,57,300 
-1.78,10.94,57,300 
-1.63,11.60,57,300 
-1.53,12.24,57,300 
-1.49,12.85,57,300 
-1.45,13.50,57,300 
-1.28,14.10,57,300 
-0.96,14.69,57,300 
-0.60,15.27,57,300 
-0.34,15.85,57,300 
-0.16,16.40,57,300 
0.01,16.95,57,300 
0.25,17.47,57,300 
0.52,17.98,57,300 
0.72,18.48,57,300 
0.93,18.96,57,300 
1.16,19.41,57,300 
1.35,19.84,57,300 
1.52,20.23,57,300 
1.69,20.61,57,300 
1.84,20.96,57,300 
1.97,21.31,57,300 
2.10,21.63,57,300 
2.20,21.94,57,300 
2.26,22.23,57,300 
2.32,22.49,57,300 
2.36,22.74,57,300 
2.38,22.95,57,300 
2.39,23.13,57,300 
2.40,23.26,57,300 
2.38,23.35,57,300 
2.36,23.41,57,300 
2.32,23.43,57,300 
2.28,23.42,57,300 
2.23,23.37,57,300 
2.15,23.28,57,300 
2.06,23.15,57,300 
1.96,22.98,57,300 
1.84,22.79,57,300 
1.73,22.56,57,300 
1.60,22.30,57,300 
1.48,22.00,57,300 
1.34,21.66,57,300 
1.21,21.31,57,300 
1.05,20.95,57,300 
0.88,20.56,57,300 
0.71,20.15,57,300 
0.53,19.72,57,300 
0.33,19.27,57,300 
0.15,18.80,57,300 
-0.04,18.30,57,300 
-0.22,17.80,57,300 
-0.39,17.27,57,300 
-0.55,16.72,57,300 
-0.70,16.15,57,300 
-0.85,15.56,57,300 
-1.01,14.98,57,300 
-1.16,14.37,57,300 
-1.31,13.75,57,300 
-1.47,13.12,57,300 
-1.63,12.47,57,300 
-1.80,11.83,57,300 
-1.98,11.16,57,300 
-2.17,10.49,57,300 
-2.38,9.82,57,300 
-2.58,9.14,57,300 
-2.78,8.46,57,300 
-2.96,7.77,57,300 
-3.14,7.08,57,300 
-3.30,6.37,57,300 
-3.46,5.65,57,300 
-3.62,4.92,57,300 
-3.76,4.19,57,300 
-3.89,3.45,57,300 
-4.04,2.71,57,300 
-4.17,1.95,57,300 
-4.31,1.21,57,300 
-4.44,0.46,57,300 
-4.58,-0.29,57,300 
-4.70,-1.04,57,300 
-4.82,-1.79,57,300 
-4.94,-2.54,57,300 
-5.04,-3.30,57,300 
-5.15,-4.06,57,300 
-5.27,-4.83,57,300 
-5.39,-5.59,57,300 
-5.53,-6.36,57,300 
-5.66,-7.16,57,300 
-5.80,-7.91,57,300 
-5.93,-8.66,57,300 
-6.05,-9.43,57,300 
-6.15,-10.17,57,300 
-6.25,-10.91,57,300 
-6.34,-11.65,57,300 
-6.41,-12.39,57,300 
-6.48,-13.12,57,300 
-6.55,-13.85,57,300 
-6.62,-14.58,57,300 
-6.68,-15.31,57,300 
-6.73,-16.03,57,300 
-6.78,-16.74,57,300 
-6.81,-17.43,57,300 
-6.85,-18.11,57,300 
-6.88,-18.77,57,300 
-6.91,-19.41,57,300 
-6.93,-20.05,57,300 
-6.94,-20.66,57,300 
-6.94,-21.26,57,300 
-6.94,-21.84,57,300 
-6.93,-22.40,57,300 
-6.91,-22.92,57,300 
-6.92,-23.43,57,300 
-6.92,-23.91,57,300 
-6.93,-24.38,57,300 
-6.95,-24.81,57,300 
-6.98,-25.21,57,300 
-7.01,-25.59,57,300 
-7.05,-25.93,57,300 
-7.09,-26.25,57,300 
-7.13,-26.52,57,300 
-7.18,-26.76,57,300 
-7.23,-26.97,57,300 
-7.28,-27.15,57,300 
-7.34,-27.30,57,300 
-7.40,-27.42,57,300 
-7.46,-27.51,57,300 
-7.52,-27.56,57,300 
-7.59,-27.59,57,300 
-7.66,-27.59,57,300 
-7.73,-27.55,57,300 
-7.80,-27.49,57,300 
-7.88,-27.40,57,300 
-7.97,-27.28,57,300 
-8.06,-27.13,57,300 
-8.16,-26.93,57,300 
-8.27,-26.72,57,300 
-8.37,-26.47,57,300 
-8.47,-26.20,57,300 
-8.57,-25.89,57,300 
-8.69,-25.55,57,300 
-8.80,-25.19,57,300 
-8.92,-24.79,57,300 
-9.03,-24.37,57,300 
-9.13,-23.93,57,300 
-9.21,-23.46,57,300 
-9.28,-22.98,57,300 
-9.31,-22.48,57,300 
-9.30,-21.96,57,300 
-9.24,-21.42,57,300 
-9.15,-20.87,57,300 
-9.01,-20.29,57,300 
-8.85,-19.70,57,300 
-8.66,-19.14,57,300 
-8.62,-18.54,57,300 
-8.71,-17.92,57,300 
-8.77,-17.30,57,300 
-8.76,-16.67,57,300 
-8.67,-16.03,57,300 
-8.59,-15.39,57,300 
-8.55,-14.73,57,300 
-8.54,-14.06,57,300 
-8.46,-13.39,57,300 
-8.36,-12.73,57,300 
-8.27,-12.07,57,300 
-8.17,-11.40,57,300 
-8.05,-10.73,57,300 
-7.92,-10.06,57,300 
-7.77,-9.38,57,300 
-7.59,-8.71,57,300 
-7.40,-8.03,57,300 
-7.19,-7.37,57,300 
-6.96,-6.71,57,300 
-6.71,-6.05,57,300 
-6.44,-5.39,57,300 
-6.15,-4.74,57,300 
-5.85,-4.08,57,300 
-5.55,-3.43,57,300 
-5.25,-2.77,57,300 
-4.94,-2.12,57,300 
-4.61,-1.49,57,300 
-4.29,-0.88,57,300 
-3.96,-0.28,57,300 
-3.63,0.31,57,300 
-3.28,0.90,57,300 
-2.94,1.47,57,300 
-2.60,2.04,57,300 
-2.29,2.61,57,300 
-1.99,3.16,57,300 
-1.73,3.70,57,300 
-1.49,4.23,57,300 
-1.26,4.75,57,300 
-1.11,5.27,57,300 
-1.03,5.75,57,300 
-1.01,6.17,57,300 
-0.85,6.70,57,300 
-0.54,7.19,57,300 
-0.20,7.71,57,300 
0.04,8.18,57,300 
0.18,8.65,57,300 
0.32,9.12,57,300 
0.51,9.58,57,300 
0.71,10.04,57,300 
0.85,10.48,57,300 
0.99,10.94,57,300 
1.13,11.38,57,300 
1.24,11.83,57,300 
1.33,12.26,57,300 
1.42,12.68,57,300 
1.48,13.09,57,300 
1.53,13.50,57,300 
1.56,13.90,57,300 
1.58,14.28,57,300 
1.57,14.67,57,300 
1.56,15.05,57,300 
1.52,15.41,57,300 
1.47,15.75,57,300 
1.41,16.09,57,300 
1.33,16.42,57,300 
1.24,16.74,57,300 
1.14,17.06,57,300 
1.04,17.35,57,300 
0.92,17.63,57,300 
0.80,17.89,57,300 
0.68,18.14,57,300 
0.55,18.37,57,300 
0.43,18.57,57,300 
0.31,18.75,57,300 
0.21,18.91,57,300 
0.11,19.04,57,300 
0.02,19.16,57,300 
-0.07,19.26,57,300 
-0.14,19.34,57,300 
-0.20,19.38,57,300 
-0.25,19.41,57,300 
-0.30,19.40,57,300 
-0.32,19.37,57,300 
-0.33,19.32,57,300 
-0.33,19.24,57,300 
-0.33,19.13,57,300 
-0.31,19.00,57,300 
-0.27,18.85,57,300 
-0.23,18.69,57,300 
-0.19,18.50,57,300 
-0.14,18.29,57,300 
-0.07,18.06,57,300 
0.00,17.81,57,300 
0.09,17.55,57,300 
0.19,17.27,57,300 
0.29,16.96,57,300 
0.40,16.64,57,300 
0.49,16.32,57,300 
0.59,15.97,57,300 
0.68,15.62,57,300 
0.75,15.27,57,300 
0.81,14.89,57,300 
0.86,14.51,57,300 
0.89,14.12,57,300 
0.92,13.72,57,300 
0.93,13.32,57,300 
0.92,12.91,57,300 
0.89,12.48,57,300 
0.85,12.05,57,300 
0.79,11.63,57,300 
0.71,11.19,57,300 
0.63,10.75,57,300 
0.52,10.30,57,300 
0.41,9.85,57,300 
0.29,9.39,57,300 
0.16,8.94,57,300 
0.02,8.47,57,300 
-0.13,8.00,57,300 
-0.30,7.53,57,300 
-0.47,7.05,57,300 
-0.66,6.56,57,300 
-0.86,6.07,57,300 
-1.07,5.58,57,300 
-1.30,5.08,57,300 
-1.54,4.58,57,300 
-1.82,4.08,57,300 
-2.11,3.58,57,300 
-2.40,3.06,57,300 
-2.68,2.54,57,300 
-2.98,2.00,57,300 
-3.28,1.48,57,300 
-3.58,0.96,57,300 
-3.89,0.44,57,300 
-4.20,-0.08,57,300 
-4.51,-0.60,57,300 
-4.82,-1.12,57,300 
-5.11,-1.64,57,300 
-5.40,-2.17,57,300 
-5.71,-2.70,57,300 
-6.01,-3.25,57,300 
-6.30,-3.80,57,300 
-6.56,-4.34,57,300 
-6.81,-4.89,57,300 
-7.06,-5.44,57,300 
-7.30,-5.99,57,300 
-7.53,-6.54,57,300 
-7.74,-7.07,57,300 
-7.93,-7.62,57,300 
-8.10,-8.18,57,300 
-8.27,-8.74,57,300 
-8.42,-9.28,57,300 
-8.57,-9.81,57,300 
-8.72,-10.37,57,300 
-8.87,-10.89,57,300 
-9.01,-11.42,57,300 
-9.15,-11.92,57,300 
-9.26,-12.41,57,300 
-9.36,-12.91,57,300 
-9.44,-13.40,57,300 
-9.50,-13.90,57,300 
-9.53,-14.41,57,300 
-9.53,-14.90,57,300 
-9.49,-15.37,57,300 
-9.42,-15.84,57,300 
-9.31,-16.30,57,300 
-9.13,-16.78,57,300 
-9.05,-17.25,57,300 
-9.13,-17.69,57,300 
-9.27,-18.12,57,300 
-9.33,-18.54,57,300 
-9.33,-18.94,57,300 
-9.29,-19.34,57,300 
-9.28,-19.72,57,300 
-9.30,-20.09,57,300 
-9.30,-20.43,57,300 
-9.28,-20.77,57,300 
-9.26,-21.10,57,300 
-9.22,-21.40,57,300 
-9.16,-21.69,57,300 
-9.08,-21.97,57,300 
-9.01,-22.24,57,300 
-8.89,-22.48,57,300 
-8.76,-22.69,57,300 
-8.63,-22.89,57,300 
-8.48,-23.06,57,300 
-8.33,-23.22,57,300 
-8.19,-23.35,57,300 
-8.04,-23.47,57,300 
-7.90,-23.56,57,300 
-7.76,-23.63,57,300 
-7.63,-23.68,57,300 
-7.50,-23.71,57,300 
-7.37,-23.71,57,300 
-7.24,-23.70,57,300 
-7.11,-23.66,57,300 
-6.98,-23.60,57,300 
-6.84,-23.52,57,300 
-6.70,-23.42,57,300 
-6.55,-23.30,57,300 
-6.41,-23.16,57,300 
-6.28,-22.99,57,300 
-6.15,-22.80,57,300 
-6.04,-22.58,57,300 
-5.94,-22.34,57,300 
-5.85,-22.07,57,300 
-5.77,-21.78,57,300 
-5.70,-21.46,57,300 
-5.62,-21.12,57,300 
-5.55,-20.76,57,300 
-5.48,-20.37,57,300 
-5.42,-19.97,57,300 
-5.37,-19.54,57,300 
-5.31,-19.09,57,300 
-5.26,-18.63,57,300 
-5.21,-18.15,57,300 
-5.14,-17.67,57,300 
-5.08,-17.17,57,300 
-5.01,-16.67,57,300 
-4.94,-16.15,57,300 
-4.87,-15.62,57,300 
-4.80,-15.07,57,300 
-4.70,-14.51,57,300 
-4.61,-13.95,57,300 
-4.55,-13.39,57,300 
-4.50,-12.82,57,300 
-4.47,-12.25,57,300 
-4.45,-11.68,57,300 
-4.44,-11.10,57,300 
-4.44,-10.51,57,300 
-4.45,-9.93,57,300 
-4.46,-9.34,57,300 
-4.47,-8.76,57,300 
-4.49,-8.16,57,300 
-4.52,-7.57,57,300 
-4.53,-6.99,57,300 
-4.53,-6.40,57,300 
-4.54,-5.82,57,300 
-4.54,-5.24,57,300 
-4.55,-4.65,57,300 
-4.56,-4.08,57,300 
-4.59,-3.50,57,300 
-4.62,-2.92,57,300 
-4.65,-2.35,57,300 
-4.69,-1.79,57,300 
-4.73,-1.24,57,300 
-4.76,-0.70,57,300 
-4.80,-0.18,57,300 
-4.83,0.33,57,300 
-4.86,0.83,57,300 
-4.87,1.31,57,300 
-4.89,1.79,57,300 
-4.90,2.26,57,300 
-4.90,2.73,57,300 
-4.90,3.18,57,300 
-4.90,3.63,57,300 
-4.89,4.06,57,300 
-4.88,4.49,57,300 
-4.86,4.90,57,300 
-4.84,5.29,57,300 
-4.79,5.67,57,300 
-4.74,6.02,57,300 
-4.68,6.37,57,300 
-4.60,6.71,57,300 
-4.50,7.03,57,300 
-4.40,7.35,57,300 
-4.27,7.65,57,300 
-4.13,7.94,57,300 
-3.97,8.23,57,300 
-3.79,8.50,57,300 
-3.62,8.77,57,300 
-3.43,9.01,57,300 
-3.24,9.25,57,300 
-3.06,9.48,57,300 
-2.87,9.69,57,300 
-2.69,9.89,57,300 
