-0.35,-44.90,57,300 
-0.34,-44.90,57,300 
-0.35,-44.90,57,300 
-0.35,-44.90,57,300 
-0.35,-44.90,57,300 
-0.35,-44.90,57,300 
-0.36,-44.90,57,300 
-0.37,-44.90,57,300 
-0.38,-44.89,57,300 
-0.39,-44.89,57,300 
-0.40,-44.88,57,300 
-0.40,-44.88,57,300 
-0.39,-44.88,57,300 
-0.39,-44.89,57,300 
-0.37,-44.89,57,300 
-0.36,-44.89,57,300 
-0.37,-44.89,57,300 
-0.36,-44.88,57,300 
-0.36,-44.89,57,300 
-0.36,-44.90,57,300 
-0.37,-44.91,57,300 
-0.38,-44.92,57,300 
-0.38,-44.93,57,300 
-0.37,-44.93,57,300 
-0.36,-44.94,57,300 
-0.34,-44.94,57,300 
-0.32,-44.94,57,300 
-0.31,-44.94,57,300 
-0.30,-44.94,57,300 
-0.30,-44.95,57,300 
-0.30,-44.95,57,300 
-0.29,-44.95,57,300 
-0.31,-44.94,57,300 
-0.32,-44.94,57,300 
-0.32,-44.94,57,300 
-0.33,-44.93,57,300 
-0.32,-44.93,57,300 
-0.32,-44.93,57,300 
-0.33,-44.91,57,300 
-0.33,-44.91,57,300 
-0.32,-44.90,57,300 
-0.32,-44.90,57,300 
-0.32,-44.90,57,300 
-0.33,-44.90,57,300 
-0.32,-44.91,57,300 
-0.32,-44.92,57,300 
-0.32,-44.92,57,300 
-0.31,-44.93,57,300 
-0.32,-44.94,57,300 
-0.32,-44.95,57,300 
-0.32,-44.96,57,300 
-0.32,-44.96,57,300 
-0.32,-44.97,57,300 
-0.31,-44.98,57,300 
-0.30,-44.98,57,300 
-0.30,-44.99,57,300 
-0.30,-45.01,57,300 
-0.30,-45.01,57,300 
-0.29,-45.02,57,300 
-0.27,-45.03,57,300 
-0.26,-45.04,57,300 
-0.27,-45.04,57,300 
-0.27,-45.07,57,300 
-0.26,-45.11,57,300 
-0.25,-45.14,57,300 
-0.25,-45.15,57,300 
-0.24,-45.14,57,300 
-0.33,-45.09,57,300 
-0.31,-45.10,57,300 
-0.25,-45.05,57,300 
-0.23,-44.93,57,300 
-0.22,-44.75,57,300 
-0.21,-44.51,57,300 
-0.19,-44.24,57,300 
-0.18,-43.89,57,300 
-0.16,-43.50,57,300 
-0.18,-43.05,57,300 
-0.17,-42.54,57,300 
-0.17,-41.99,57,300 
-0.18,-41.37,57,300 
-0.18,-40.70,57,300 
-0.17,-39.98,57,300 
-0.17,-39.21,57,300 
-0.19,-38.38,57,300 
-0.21,-37.48,57,300 
-0.21,-36.53,57,300 
-0.23,-35.54,57,300 
-0.23,-34.49,57,300 
-0.21,-33.40,57,300 
-0.19,-32.23,57,300 
-0.18,-31.05,57,300 
-0.15,-29.81,57,300 
-0.10,-28.55,57,300 
-0.09,-27.25,57,300 
-0.07,-25.91,57,300 
-0.05,-24.54,57,300 
-0.01,-23.13,57,300 
0.04,-21.69,57,300 
0.07,-20.24,57,300 
0.11,-18.76,57,300 
0.17,-17.27,57,300 
0.21,-15.77,57,300 
0.29,-14.19,57,300 
0.32,-12.67,57,300 
0.34,-11.14,57,300 
0.37,-9.61,57,300 
0.37,-8.11,57,300 
0.34,-6.61,57,300 
0.31,-5.10,57,300 
0.29,-3.62,57,300 
0.24,-2.11,57,300 
0.18,-0.62,57,300 
0.10,0.83,57,300 
0.02,2.29,57,300 
-0.06,3.64,57,300 
-0.22,5.09,57,300 
-0.35,6.51,57,300 
-0.49,7.95,57,300 
-0.62,9.36,57,300 
-0.79,10.77,57,300 
-0.96,12.17,57,300 
-1.13,13.34,57,300 
-1.32,14.74,57,300 
-1.52,16.10,57,300 
-1.71,17.46,57,300 
-1.91,18.79,57,300 
-2.11,20.09,57,300 
-2.30,21.37,57,300 
-2.49,22.62,57,300 
-2.68,23.84,57,300 
-2.86,25.04,57,300 
-3.00,26.22,57,300 
-3.17,27.33,57,300 
-3.33,28.43,57,300 
-3.49,29.47,57,300 
-3.66,30.48,57,300 
-3.83,31.43,57,300 
-3.99,32.34,57,300 
-4.16,33.20,57,300 
-4.33,34.01,57,300 
-4.49,34.77,57,300 
-4.65,35.48,57,300 
-4.82,36.14,57,300 
-4.99,36.75,57,300 
-5.15,37.31,57,300 
-5.32,37.80,57,300 
-5.48,38.23,57,300 
-5.64,38.61,57,300 
-5.80,38.95,57,300 
-5.94,39.22,57,300 
-6.08,39.45,57,300 
-6.23,39.61,57,300 
-6.36,39.72,57,300 
-6.50,39.76,57,300 
-6.63,39.74,57,300 
-6.76,39.68,57,300 
-6.88,39.55,57,300 
-6.99,39.37,57,300 
-7.10,39.14,57,300 
-7.20,38.85,57,300 
-7.30,38.50,57,300 
-7.40,38.10,57,300 
-7.49,37.64,57,300 
-7.57,37.15,57,300 
-7.64,36.59,57,300 
-7.70,35.98,57,300 
-7.74,35.31,57,300 
-7.76,34.59,57,300 
-7.79,33.82,57,300 
-7.78,33.01,57,300 
-7.76,32.16,57,300 
-7.69,31.29,57,300 
-7.68,30.35,57,300 
-7.79,29.38,57,300 
-7.94,28.35,57,300 
-8.07,27.28,57,300 
-8.14,26.17,57,300 
-8.16,25.05,57,300 
-8.17,23.89,57,300 
-8.19,22.68,57,300 
-8.23,21.47,57,300 
-8.27,20.22,57,300 
-8.27,18.96,57,300 
-8.28,17.66,57,300 
-8.29,16.34,57,300 
-8.31,15.01,57,300 
-8.31,13.66,57,300 
-8.32,12.30,57,300 
-8.33,10.94,57,300 
-8.33,9.56,57,300 
-8.33,8.16,57,300 
-8.32,6.75,57,300 
-8.30,5.36,57,300 
-8.22,3.95,57,300 
-8.18,2.52,57,300 
-8.15,1.10,57,300 
-8.09,-0.33,57,300 
-8.03,-1.77,57,300 
-7.96,-3.21,57,300 
-7.86,-4.65,57,300 
-7.73,-6.07,57,300 
-7.59,-7.35,57,300 
-7.43,-8.75,57,300 
-7.27,-10.19,57,300 
-7.08,-11.59,57,300 
-6.89,-13.00,57,300 
-6.70,-14.42,57,300 
-6.51,-15.80,57,300 
-6.31,-17.17,57,300 
-6.10,-18.56,57,300 
-5.90,-19.94,57,300 
-5.69,-21.27,57,300 
-5.50,-22.60,57,300 
-5.30,-23.90,57,300 
-5.12,-25.21,57,300 
-4.93,-26.48,57,300 
-4.76,-27.72,57,300 
-4.57,-28.92,57,300 
-4.39,-30.08,57,300 
-4.21,-31.22,57,300 
-4.02,-32.31,57,300 
-3.85,-33.36,57,300 
-3.66,-34.37,57,300 
-3.47,-35.34,57,300 
-3.27,-36.26,57,300 
-3.08,-37.12,57,300 
-2.87,-37.93,57,300 
-2.68,-38.69,57,300 
-2.48,-39.39,57,300 
-2.28,-40.04,57,300 
-2.10,-40.63,57,300 
-1.92,-41.19,57,300 
-1.77,-41.67,57,300 
-1.64,-42.09,57,300 
-1.54,-42.45,57,300 
-1.47,-42.75,57,300 
-1.40,-42.99,57,300 
-1.46,-43.13,57,300 
-1.39,-43.23,57,300 
-1.16,-43.26,57,300 
-0.85,-43.25,57,300 
-0.62,-43.18,57,300 
-0.44,-43.05,57,300 
-0.24,-42.85,57,300 
0.01,-42.58,57,300 
0.25,-42.28,57,300 
0.46,-41.91,57,300 
0.70,-41.49,57,300 
0.90,-41.00,57,300 
1.08,-40.47,57,300 
1.25,-39.90,57,300 
1.40,-39.27,57,300 
1.55,-38.60,57,300 
1.69,-37.86,57,300 
1.83,-37.08,57,300 
1.95,-36.27,57,300 
2.07,-35.39,57,300 
2.17,-34.47,57,300 
2.27,-33.49,57,300 
2.37,-32.45,57,300 
2.47,-31.39,57,300 
2.55,-30.29,57,300 
2.64,-29.15,57,300 
2.71,-27.96,57,300 
2.77,-26.73,57,300 
2.80,-25.48,57,300 
2.85,-24.22,57,300 
2.89,-22.88,57,300 
2.93,-21.56,57,300 
2.96,-20.23,57,300 
2.97,-18.87,57,300 
2.99,-17.51,57,300 
2.94,-16.13,57,300 
2.85,-14.75,57,300 
2.77,-13.37,57,300 
2.64,-12.00,57,300 
2.53,-10.63,57,300 
2.37,-9.25,57,300 
2.22,-7.88,57,300 
2.04,-6.51,57,300 
1.87,-5.16,57,300 
1.67,-3.82,57,300 
1.46,-2.46,57,300 
1.24,-1.09,57,300 
1.01,0.22,57,300 
0.77,1.51,57,300 
0.51,2.80,57,300 
0.25,4.10,57,300 
-0.02,5.37,57,300 
-0.28,6.67,57,300 
-0.55,7.94,57,300 
-0.82,9.27,57,300 
-1.11,10.58,57,300 
-1.40,11.79,57,300 
-1.69,13.03,57,300 
-1.97,14.26,57,300 
-2.28,15.49,57,300 
-2.55,16.70,57,300 
-2.83,17.90,57,300 
-3.11,19.07,57,300 
-3.39,20.24,57,300 
-3.66,21.36,57,300 
-3.92,22.47,57,300 
-4.17,23.53,57,300 
-4.40,24.58,57,300 
-4.63,25.58,57,300 
-4.83,26.59,57,300 
-5.03,27.55,57,300 
-5.22,28.45,57,300 
-5.44,29.31,57,300 
-5.65,30.13,57,300 
-5.86,30.89,57,300 
-6.08,31.61,57,300 
-6.30,32.28,57,300 
-6.53,32.90,57,300 
-6.76,33.46,57,300 
-6.99,33.97,57,300 
-7.23,34.42,57,300 
-7.46,34.83,57,300 
-7.69,35.19,57,300 
-7.94,35.50,57,300 
-8.17,35.74,57,300 
-8.40,35.91,57,300 
-8.61,36.03,57,300 
-8.83,36.10,57,300 
-9.04,36.10,57,300 
-9.23,36.06,57,300 
-9.40,35.96,57,300 
-9.52,35.79,57,300 
-9.59,35.58,57,300 
-9.62,35.39,57,300 
-9.81,35.12,57,300 
-10.17,34.79,57,300 
-10.46,34.38,57,300 
-10.67,33.94,57,300 
-10.80,33.44,57,300 
-10.88,32.92,57,300 
-11.05,32.37,57,300 
-11.28,31.75,57,300 
-11.47,31.10,57,300 
-11.61,30.38,57,300 
-11.71,29.65,57,300 
-11.85,28.87,57,300 
-12.01,28.06,57,300 
-12.13,27.22,57,300 
-12.23,26.32,57,300 
-12.32,25.42,57,300 
-12.41,24.48,57,300 
-12.51,23.52,57,300 
-12.61,22.53,57,300 
-12.69,21.50,57,300 
-12.73,20.46,57,300 
-12.70,19.41,57,300 
-12.68,18.32,57,300 
-12.61,17.23,57,300 
-12.52,16.11,57,300 
-12.39,14.98,57,300 
-12.24,13.83,57,300 
-12.06,12.67,57,300 
-11.89,11.51,57,300 
-11.69,10.33,57,300 
-11.49,9.14,57,300 
-11.28,7.95,57,300 
-11.05,6.73,57,300 
-10.79,5.50,57,300 
-10.55,4.27,57,300 
-10.25,3.04,57,300 
-9.95,1.82,57,300 
-9.65,0.57,57,300 
-9.34,-0.68,57,300 
-8.99,-1.94,57,300 
-8.65,-3.23,57,300 
-8.29,-4.48,57,300 
-7.89,-5.74,57,300 
-7.48,-6.92,57,300 
-7.07,-8.17,57,300 
-6.61,-9.34,57,300 
-6.17,-10.58,57,300 
-5.69,-11.77,57,300 
-5.23,-13.00,57,300 
-4.76,-14.17,57,300 
-4.29,-15.36,57,300 
-3.81,-16.53,57,300 
-3.34,-17.71,57,300 
-2.85,-18.86,57,300 
-2.39,-20.02,57,300 
-1.95,-21.16,57,300 
-1.54,-22.28,57,300 
-1.14,-23.39,57,300 
-0.80,-24.49,57,300 
-0.50,-25.57,57,300 
-0.28,-26.58,57,300 
-0.03,-27.65,57,300 
0.32,-28.55,57,300 
0.88,-29.50,57,300 
1.47,-30.42,57,300 
1.95,-31.30,57,300 
2.34,-32.13,57,300 
2.72,-32.91,57,300 
3.17,-33.65,57,300 
3.63,-34.35,57,300 
4.04,-35.00,57,300 
4.46,-35.59,57,300 
4.89,-36.14,57,300 
5.33,-36.63,57,300 
5.73,-37.08,57,300 
6.13,-37.48,57,300 
6.52,-37.84,57,300 
6.89,-38.15,57,300 
7.24,-38.41,57,300 
7.56,-38.61,57,300 
7.88,-38.75,57,300 
8.18,-38.85,57,300 
8.45,-38.88,57,300 
8.71,-38.87,57,300 
8.97,-38.80,57,300 
9.21,-38.68,57,300 
9.42,-38.53,57,300 
9.61,-38.32,57,300 
9.77,-38.08,57,300 
9.90,-37.79,57,300 
10.02,-37.46,57,300 
10.12,-37.07,57,300 
10.21,-36.64,57,300 
10.27,-36.16,57,300 
10.30,-35.64,57,300 
10.30,-35.09,57,300 
10.29,-34.47,57,300 
10.27,-33.81,57,300 
10.21,-33.11,57,300 
10.14,-32.38,57,300 
10.04,-31.59,57,300 
9.95,-30.75,57,300 
9.84,-29.85,57,300 
9.72,-28.92,57,300 
9.57,-27.97,57,300 
9.40,-26.97,57,300 
9.21,-25.94,57,300 
9.02,-24.90,57,300 
8.80,-23.83,57,300 
8.57,-22.74,57,300 
8.33,-21.63,57,300 
8.05,-20.48,57,300 
7.78,-19.34,57,300 
7.48,-18.17,57,300 
7.14,-17.00,57,300 
6.80,-15.81,57,300 
6.43,-14.64,57,300 
6.01,-13.48,57,300 
5.58,-12.31,57,300 
5.14,-11.15,57,300 
4.67,-10.00,57,300 
4.21,-8.82,57,300 
3.74,-7.67,57,300 
3.24,-6.52,57,300 
2.72,-5.39,57,300 
2.19,-4.27,57,300 
1.65,-3.12,57,300 
1.11,-2.01,57,300 
0.54,-0.92,57,300 
-0.01,0.17,57,300 
-0.56,1.24,57,300 
-1.15,2.29,57,300 
-1.74,3.36,57,300 
-2.36,4.42,57,300 
-2.98,5.44,57,300 
-3.60,6.47,57,300 
-4.23,7.48,57,300 
-4.88,8.43,57,300 
-5.50,9.50,57,300 
-6.13,10.47,57,300 
-6.75,11.43,57,300 
-7.37,12.39,57,300 
-7.98,13.34,57,300 
-8.58,14.27,57,300 
-9.17,15.16,57,300 
-9.73,16.07,57,300 
-10.27,16.95,57,300 
-10.76,17.80,57,300 
-11.21,18.64,57,300 
-11.61,19.46,57,300 
-11.93,20.26,57,300 
-12.19,21.01,57,300 
-12.50,21.75,57,300 
-13.05,22.45,57,300 
-13.73,23.11,57,300 
-14.34,23.72,57,300 
-14.83,24.29,57,300 
-15.16,24.83,57,300 
-15.58,25.34,57,300 
-16.05,25.84,57,300 
-16.51,26.28,57,300 
-16.86,26.70,57,300 
-17.15,27.07,57,300 
-17.44,27.43,57,300 
-17.76,27.75,57,300 
-18.02,28.03,57,300 
-18.22,28.28,57,300 
-18.41,28.50,57,300 
-18.60,28.68,57,300 
-18.75,28.83,57,300 
-18.87,28.95,57,300 
-18.97,29.02,57,300 
-19.04,29.06,57,300 
-19.08,29.06,57,300 
-19.09,29.04,57,300 
-19.07,28.98,57,300 
-19.03,28.88,57,300 
-18.96,28.76,57,300 
-18.88,28.60,57,300 
-18.76,28.40,57,300 
-18.60,28.16,57,300 
-18.42,27.89,57,300 
-18.22,27.59,57,300 
-17.98,27.26,57,300 
-17.72,26.89,57,300 
-17.43,26.49,57,300 
-17.10,26.05,57,300 
-16.76,25.59,57,300 
-16.39,25.10,57,300 
-15.99,24.56,57,300 
-15.56,24.00,57,300 
-15.08,23.42,57,300 
-14.56,22.81,57,300 
-14.04,22.20,57,300 
-13.53,21.51,57,300 
-13.00,20.77,57,300 
-12.43,20.01,57,300 
-11.88,19.22,57,300 
-11.32,18.41,57,300 
-10.76,17.58,57,300 
-10.19,16.73,57,300 
-9.61,15.86,57,300 
-9.05,14.98,57,300 
-8.47,14.07,57,300 
-7.88,13.15,57,300 
-7.29,12.24,57,300 
-6.68,11.32,57,300 
-6.08,10.36,57,300 
-5.47,9.42,57,300 
-4.89,8.44,57,300 
-4.30,7.47,57,300 
-3.72,6.50,57,300 
-3.18,5.51,57,300 
-2.68,4.53,57,300 
-2.22,3.52,57,300 
-1.82,2.49,57,300 
-1.54,1.46,57,300 
-1.21,0.41,57,300 
-0.75,-0.58,57,300 
-0.09,-1.59,57,300 
0.61,-2.60,57,300 
1.18,-3.64,57,300 
1.64,-4.67,57,300 
2.04,-5.70,57,300 
2.51,-6.73,57,300 
3.05,-7.76,57,300 
3.57,-8.85,57,300 
4.03,-9.87,57,300 
4.47,-10.90,57,300 
4.94,-11.93,57,300 
5.38,-12.94,57,300 
5.78,-14.01,57,300 
6.16,-15.08,57,300 
6.53,-16.15,57,300 
6.86,-17.21,57,300 
7.20,-18.25,57,300 
7.50,-19.30,57,300 
7.78,-20.33,57,300 
8.08,-21.33,57,300 
8.34,-22.34,57,300 
8.59,-23.31,57,300 
8.82,-24.26,57,300 
9.05,-25.19,57,300 
9.24,-26.09,57,300 
9.42,-26.98,57,300 
9.57,-27.83,57,300 
9.70,-28.65,57,300 
9.84,-29.42,57,300 
9.95,-30.15,57,300 
10.04,-30.84,57,300 
10.13,-31.50,57,300 
10.21,-32.11,57,300 
10.24,-32.67,57,300 
10.28,-33.20,57,300 
10.32,-33.68,57,300 
10.34,-34.10,57,300 
10.33,-34.49,57,300 
10.33,-34.82,57,300 
10.30,-35.12,57,300 
10.25,-35.36,57,300 
10.19,-35.57,57,300 
10.11,-35.73,57,300 
9.99,-35.85,57,300 
9.86,-35.93,57,300 
9.70,-35.97,57,300 
9.51,-35.97,57,300 
9.30,-35.94,57,300 
9.06,-35.86,57,300 
8.79,-35.74,57,300 
8.52,-35.58,57,300 
8.22,-35.37,57,300 
7.87,-35.12,57,300 
7.52,-34.83,57,300 
7.13,-34.49,57,300 
6.74,-34.10,57,300 
6.35,-33.67,57,300 
5.94,-33.20,57,300 
5.53,-32.69,57,300 
5.11,-32.13,57,300 
4.69,-31.53,57,300 
4.24,-30.89,57,300 
3.77,-30.22,57,300 
3.30,-29.51,57,300 
2.81,-28.77,57,300 
2.32,-28.00,57,300 
1.85,-27.19,57,300 
1.37,-26.35,57,300 
0.90,-25.49,57,300 
0.42,-24.61,57,300 
-0.08,-23.71,57,300 
-0.57,-22.80,57,300 
-1.06,-21.87,57,300 
-1.55,-20.91,57,300 
-2.05,-19.94,57,300 
-2.55,-18.97,57,300 
-3.05,-17.98,57,300 
-3.54,-16.99,57,300 
-4.02,-15.97,57,300 
-4.49,-14.95,57,300 
-4.96,-13.94,57,300 
-5.42,-12.91,57,300 
-5.88,-11.88,57,300 
-6.33,-10.84,57,300 
-6.74,-9.80,57,300 
-7.13,-8.76,57,300 
-7.48,-7.71,57,300 
-7.81,-6.65,57,300 
-8.09,-5.60,57,300 
-8.32,-4.54,57,300 
-8.48,-3.47,57,300 
-8.57,-2.42,57,300 
-8.59,-1.39,57,300 
-8.67,-0.33,57,300 
-8.96,0.71,57,300 
-9.34,1.75,57,300 
-9.68,2.78,57,300 
-9.88,3.80,57,300 
-10.01,4.80,57,300 
-10.11,5.81,57,300 
-10.30,6.80,57,300 
-10.54,7.74,57,300 
-10.72,8.68,57,300 
-10.84,9.64,57,300 
-10.92,10.60,57,300 
-11.03,11.52,57,300 
-11.13,12.42,57,300 
-11.20,13.31,57,300 
-11.23,14.19,57,300 
-11.26,15.06,57,300 
-11.26,15.91,57,300 
-11.21,16.79,57,300 
-11.13,17.65,57,300 
-11.05,18.46,57,300 
-10.95,19.26,57,300 
-10.85,20.02,57,300 
-10.76,20.77,57,300 
-10.66,21.47,57,300 
-10.54,22.13,57,300 
-10.42,22.77,57,300 
-10.28,23.37,57,300 
-10.11,23.95,57,300 
-9.90,24.51,57,300 
-9.69,25.02,57,300 
-9.47,25.48,57,300 
-9.25,25.90,57,300 
-9.01,26.31,57,300 
-8.78,26.67,57,300 
-8.55,26.99,57,300 
-8.30,27.29,57,300 
-8.04,27.55,57,300 
-7.76,27.77,57,300 
-7.46,27.97,57,300 
-7.15,28.14,57,300 
-6.83,28.25,57,300 
-6.52,28.33,57,300 
-6.22,28.35,57,300 
-5.91,28.33,57,300 
-5.61,28.27,57,300 
-5.31,28.15,57,300 
-5.01,27.99,57,300 
-4.72,27.80,57,300 
-4.44,27.57,57,300 
-4.16,27.30,57,300 
-3.91,26.99,57,300 
-3.67,26.66,57,300 
-3.43,26.28,57,300 
-3.21,25.87,57,300 
-3.05,25.43,57,300 
-2.91,24.86,57,300 
-2.71,24.34,57,300 
-2.38,23.77,57,300 
-1.95,23.18,57,300 
-1.56,22.57,57,300 
-1.28,21.92,57,300 
-1.02,21.23,57,300 
-0.75,20.50,57,300 
-0.41,19.76,57,300 
-0.06,19.00,57,300 
0.22,18.21,57,300 
0.49,17.40,57,300 
0.76,16.56,57,300 
1.03,15.71,57,300 
1.27,14.84,57,300 
1.51,13.96,57,300 
1.73,13.08,57,300 
1.93,12.19,57,300 
2.09,11.26,57,300 
2.26,10.34,57,300 
2.40,9.43,57,300 
2.53,8.51,57,300 
2.68,7.60,57,300 
2.81,6.66,57,300 
2.93,5.72,57,300 
3.04,4.77,57,300 
3.14,3.81,57,300 
3.22,2.87,57,300 
3.28,1.92,57,300 
3.33,0.96,57,300 
3.36,0.01,57,300 
3.38,-0.94,57,300 
3.41,-1.89,57,300 
3.41,-2.88,57,300 
3.41,-3.83,57,300 
3.40,-4.79,57,300 
3.40,-5.75,57,300 
3.39,-6.73,57,300 
3.36,-7.64,57,300 
3.34,-8.58,57,300 
3.31,-9.55,57,300 
3.27,-10.53,57,300 
3.22,-11.52,57,300 
3.16,-12.48,57,300 
3.08,-13.45,57,300 
3.00,-14.43,57,300 
2.91,-15.41,57,300 
2.79,-16.39,57,300 
2.63,-17.36,57,300 
2.48,-18.33,57,300 
2.29,-19.29,57,300 
2.09,-20.22,57,300 
1.89,-21.14,57,300 
1.66,-22.05,57,300 
1.44,-22.92,57,300 
1.21,-23.78,57,300 
0.97,-24.64,57,300 
0.73,-25.45,57,300 
0.49,-26.24,57,300 
0.26,-26.98,57,300 
0.02,-27.69,57,300 
-0.20,-28.38,57,300 
-0.44,-29.03,57,300 
-0.65,-29.62,57,300 
-0.86,-30.19,57,300 
-1.05,-30.71,57,300 
-1.25,-31.20,57,300 
-1.45,-31.64,57,300 
-1.65,-32.05,57,300 
-1.85,-32.43,57,300 
-2.05,-32.75,57,300 
-2.26,-33.04,57,300 
-2.48,-33.30,57,300 
-2.71,-33.53,57,300 
-2.95,-33.72,57,300 
-3.20,-33.87,57,300 
-3.45,-33.97,57,300 
-3.71,-34.04,57,300 
-3.96,-34.06,57,300 
-4.21,-34.04,57,300 
-4.45,-33.97,57,300 
-4.70,-33.86,57,300 
-4.93,-33.70,57,300 
-5.18,-33.51,57,300 
-5.42,-33.26,57,300 
-5.65,-32.97,57,300 
-5.89,-32.65,57,300 
-6.11,-32.27,57,300 
-6.34,-31.86,57,300 
-6.57,-31.42,57,300 
-6.80,-30.93,57,300 
-7.03,-30.41,57,300 
-7.24,-29.86,57,300 
-7.45,-29.28,57,300 
-7.64,-28.67,57,300 
-7.81,-28.02,57,300 
-7.95,-27.35,57,300 
-8.06,-26.63,57,300 
-8.13,-25.90,57,300 
-8.17,-25.13,57,300 
-8.17,-24.33,57,300 
-8.11,-23.51,57,300 
-8.04,-22.67,57,300 
-8.19,-21.85,57,300 
-8.43,-20.96,57,300 
-8.65,-20.08,57,300 
-8.79,-19.18,57,300 
-8.88,-18.29,57,300 
-8.96,-17.39,57,300 
-9.13,-16.48,57,300 
-9.34,-15.56,57,300 
-9.51,-14.64,57,300 
-9.63,-13.72,57,300 
-9.75,-12.81,57,300 
-9.87,-11.90,57,300 
-9.98,-10.98,57,300 
-10.05,-10.07,57,300 
-10.11,-9.15,57,300 
-10.16,-8.23,57,300 
-10.19,-7.31,57,300 
-10.21,-6.39,57,300 
-10.22,-5.47,57,300 
-10.19,-4.56,57,300 
-10.15,-3.65,57,300 
-10.08,-2.72,57,300 
-9.99,-1.79,57,300 
-9.87,-0.88,57,300 
-9.73,0.03,57,300 
-9.60,0.92,57,300 
-9.46,1.82,57,300 
-9.29,2.72,57,300 
-9.12,3.59,57,300 
-8.93,4.46,57,300 
-8.73,5.33,57,300 
-8.53,6.17,57,300 
-8.33,7.02,57,300 
-8.11,7.80,57,300 
-7.88,8.66,57,300 
-7.65,9.47,57,300 
-7.41,10.24,57,300 
-7.15,11.00,57,300 
-6.85,11.78,57,300 
-6.56,12.51,57,300 
-6.28,13.24,57,300 
-5.96,13.97,57,300 
-5.65,14.66,57,300 
-5.34,15.35,57,300 
-5.04,16.02,57,300 
-4.74,16.68,57,300 
-4.42,17.33,57,300 
-4.12,17.95,57,300 
-3.83,18.54,57,300 
-3.55,19.09,57,300 
-3.28,19.64,57,300 
-3.01,20.17,57,300 
-2.76,20.67,57,300 
-2.54,21.14,57,300 
-2.35,21.59,57,300 
-2.19,22.03,57,300 
-2.08,22.42,57,300 
-1.99,22.78,57,300 
-1.83,23.09,57,300 
-1.52,23.37,57,300 
-1.10,23.64,57,300 
-0.73,23.88,57,300 
-0.45,24.08,57,300 
-0.16,24.23,57,300 
0.17,24.36,57,300 
0.56,24.47,57,300 
0.98,24.56,57,300 
1.32,24.58,57,300 
1.64,24.58,57,300 
1.96,24.53,57,300 
2.28,24.45,57,300 
2.56,24.33,57,300 
2.84,24.18,57,300 
3.10,24.00,57,300 
3.34,23.81,57,300 
3.56,23.59,57,300 
3.77,23.33,57,300 
3.97,23.06,57,300 
4.15,22.76,57,300 
4.32,22.44,57,300 
4.47,22.08,57,300 
4.62,21.69,57,300 
4.75,21.28,57,300 
4.87,20.83,57,300 
4.98,20.37,57,300 
5.07,19.88,57,300 
5.15,19.38,57,300 
5.20,18.84,57,300 
5.25,18.28,57,300 
5.28,17.71,57,300 
5.29,17.13,57,300 
5.28,16.52,57,300 
5.26,15.89,57,300 
5.22,15.24,57,300 
5.17,14.57,57,300 
5.09,13.89,57,300 
4.99,13.20,57,300 
4.88,12.49,57,300 
4.76,11.77,57,300 
4.61,11.05,57,300 
4.45,10.31,57,300 
4.23,9.58,57,300 
4.02,8.84,57,300 
3.82,8.08,57,300 
3.57,7.31,57,300 
3.33,6.55,57,300 
3.07,5.77,57,300 
2.81,5.00,57,300 
2.56,4.23,57,300 
2.31,3.46,57,300 
2.05,2.69,57,300 
1.76,1.89,57,300 
1.48,1.11,57,300 
1.20,0.35,57,300 
0.91,-0.42,57,300 
0.59,-1.20,57,300 
0.28,-1.98,57,300 
-0.05,-2.78,57,300 
-0.37,-3.56,57,300 
-0.70,-4.35,57,300 
-1.03,-5.15,57,300 
-1.39,-5.96,57,300 
-1.76,-6.77,57,300 
-2.13,-7.57,57,300 
-2.51,-8.38,57,300 
-2.90,-9.18,57,300 
-3.31,-9.98,57,300 
-3.74,-10.78,57,300 
-4.17,-11.57,57,300 
-4.58,-12.34,57,300 
-4.98,-13.13,57,300 
-5.37,-13.93,57,300 
-5.77,-14.71,57,300 
-6.16,-15.47,57,300 
-6.55,-16.24,57,300 
-6.94,-17.00,57,300 
-7.32,-17.74,57,300 
-7.70,-18.48,57,300 
-8.07,-19.19,57,300 
-8.43,-19.89,57,300 
-8.76,-20.57,57,300 
-9.08,-21.22,57,300 
-9.34,-21.85,57,300 
-9.57,-22.46,57,300 
-9.77,-23.04,57,300 
-9.93,-23.59,57,300 
-10.05,-24.14,57,300 
-10.08,-24.66,57,300 
-10.23,-25.20,57,300 
-10.56,-25.71,57,300 
-11.01,-26.16,57,300 
-11.38,-26.57,57,300 
-11.66,-26.96,57,300 
-11.88,-27.35,57,300 
-12.10,-27.71,57,300 
-12.45,-28.02,57,300 
-12.72,-28.31,57,300 
-12.93,-28.56,57,300 
-13.09,-28.79,57,300 
-13.25,-28.98,57,300 
-13.38,-29.12,57,300 
-13.46,-29.23,57,300 
-13.52,-29.31,57,300 
-13.54,-29.36,57,300 
-13.53,-29.38,57,300 
-13.48,-29.37,57,300 
-13.42,-29.33,57,300 
-13.31,-29.25,57,300 
-13.17,-29.15,57,300 
-13.00,-29.01,57,300 
-12.79,-28.84,57,300 
-12.53,-28.63,57,300 
-12.26,-28.39,57,300 
-11.98,-28.11,57,300 
-11.67,-27.79,57,300 
-11.37,-27.45,57,300 
-11.08,-27.09,57,300 
-10.77,-26.71,57,300 
-10.46,-26.30,57,300 
-10.15,-25.86,57,300 
-9.85,-25.40,57,300 
-9.55,-24.91,57,300 
-9.25,-24.40,57,300 
-8.96,-23.88,57,300 
-8.66,-23.32,57,300 
-8.35,-22.75,57,300 
-8.02,-22.16,57,300 
-7.68,-21.53,57,300 
-7.33,-20.89,57,300 
-6.97,-20.23,57,300 
-6.62,-19.56,57,300 
-6.24,-18.86,57,300 
-5.86,-18.14,57,300 
-5.49,-17.41,57,300 
-5.12,-16.68,57,300 
-4.74,-15.94,57,300 
-4.37,-15.20,57,300 
-4.00,-14.42,57,300 
-3.65,-13.67,57,300 
-3.32,-12.89,57,300 
-2.99,-12.11,57,300 
-2.70,-11.34,57,300 
-2.45,-10.56,57,300 
-2.26,-9.78,57,300 
-2.12,-8.99,57,300 
-1.99,-8.21,57,300 
-1.78,-7.42,57,300 
-1.40,-6.66,57,300 
-0.92,-5.90,57,300 
-0.56,-5.14,57,300 
-0.29,-4.38,57,300 
-0.07,-3.62,57,300 
0.21,-2.87,57,300 
0.52,-2.12,57,300 
0.83,-1.38,57,300 
1.08,-0.68,57,300 
1.33,0.01,57,300 
1.59,0.70,57,300 
1.84,1.37,57,300 
2.06,2.05,57,300 
2.28,2.73,57,300 
2.49,3.38,57,300 
2.69,4.03,57,300 
2.90,4.69,57,300 
3.10,5.33,57,300 
3.29,5.98,57,300 
3.47,6.62,57,300 
3.64,7.24,57,300 
3.79,7.87,57,300 
3.93,8.48,57,300 
4.06,9.07,57,300 
4.17,9.68,57,300 
4.26,10.27,57,300 
4.31,10.85,57,300 
4.35,11.43,57,300 
4.37,11.98,57,300 
4.37,12.54,57,300 
4.36,13.08,57,300 
4.34,13.61,57,300 
4.28,14.13,57,300 
4.22,14.65,57,300 
4.14,15.15,57,300 
4.04,15.64,57,300 
3.92,16.10,57,300 
3.78,16.56,57,300 
3.61,16.98,57,300 
3.42,17.38,57,300 
3.20,17.75,57,300 
2.96,18.09,57,300 
2.69,18.41,57,300 
2.41,18.70,57,300 
2.10,18.97,57,300 
1.77,19.20,57,300 
1.42,19.41,57,300 
1.06,19.59,57,300 
0.68,19.74,57,300 
0.31,19.87,57,300 
-0.05,20.00,57,300 
-0.40,20.10,57,300 
-0.75,20.18,57,300 
-1.09,20.21,57,300 
-1.44,20.22,57,300 
-1.79,20.22,57,300 
-2.13,20.19,57,300 
-2.44,20.14,57,300 
-2.77,20.06,57,300 
-3.09,19.97,57,300 
-3.40,19.86,57,300 
-3.70,19.71,57,300 
-4.02,19.54,57,300 
-4.32,19.36,57,300 
-4.62,19.16,57,300 
-4.92,18.94,57,300 
-5.21,18.69,57,300 
-5.49,18.43,57,300 
-5.78,18.14,57,300 
-6.07,17.83,57,300 
-6.35,17.51,57,300 
-6.61,17.16,57,300 
-6.86,16.79,57,300 
-7.12,16.38,57,300 
-7.36,15.95,57,300 
-7.58,15.50,57,300 
-7.82,15.04,57,300 
-8.04,14.57,57,300 
-8.24,14.09,57,300 
-8.42,13.60,57,300 
-8.56,13.11,57,300 
-8.69,12.59,57,300 
-8.78,12.05,57,300 
-8.83,11.51,57,300 
-8.83,10.97,57,300 
-8.79,10.41,57,300 
-8.74,9.82,57,300 
-8.78,9.26,57,300 
-8.99,8.68,57,300 
-9.19,8.09,57,300 
-9.33,7.48,57,300 
-9.39,6.87,57,300 
-9.39,6.26,57,300 
-9.39,5.64,57,300 
-9.45,4.98,57,300 
-9.53,4.33,57,300 
-9.60,3.67,57,300 
-9.60,2.99,57,300 
-9.61,2.31,57,300 
-9.62,1.62,57,300 
-9.62,0.94,57,300 
-9.60,0.26,57,300 
-9.58,-0.42,57,300 
-9.55,-1.12,57,300 
-9.53,-1.82,57,300 
-9.48,-2.52,57,300 
-9.44,-3.24,57,300 
-9.37,-3.97,57,300 
-9.30,-4.67,57,300 
-9.20,-5.39,57,300 
-9.10,-6.10,57,300 
-8.98,-6.79,57,300 
-8.85,-7.49,57,300 
-8.72,-8.20,57,300 
-8.55,-8.88,57,300 
-8.36,-9.56,57,300 
-8.15,-10.24,57,300 
-7.92,-10.93,57,300 
-7.67,-11.58,57,300 
-7.39,-12.23,57,300 
-7.10,-12.87,57,300 
-6.78,-13.51,57,300 
-6.46,-14.14,57,300 
-6.13,-14.77,57,300 
-5.78,-15.39,57,300 
-5.44,-16.00,57,300 
-5.10,-16.59,57,300 
-4.75,-17.17,57,300 
-4.39,-17.74,57,300 
-4.03,-18.29,57,300 
-3.66,-18.83,57,300 
-3.28,-19.35,57,300 
-2.91,-19.86,57,300 
-2.56,-20.34,57,300 
-2.22,-20.81,57,300 
-1.91,-21.26,57,300 
-1.62,-21.69,57,300 
-1.37,-22.10,57,300 
-1.16,-22.50,57,300 
-1.01,-22.89,57,300 
-0.83,-23.19,57,300 
-0.45,-23.49,57,300 
0.05,-23.81,57,300 
0.52,-24.10,57,300 
0.91,-24.37,57,300 
1.25,-24.58,57,300 
1.64,-24.76,57,300 
2.08,-24.91,57,300 
2.48,-25.03,57,300 
2.83,-25.12,57,300 
3.20,-25.19,57,300 
3.59,-25.22,57,300 
3.95,-25.21,57,300 
4.33,-25.17,57,300 
4.67,-25.13,57,300 
4.99,-25.06,57,300 
5.31,-24.97,57,300 
5.60,-24.85,57,300 
5.87,-24.71,57,300 
6.12,-24.55,57,300 
6.36,-24.35,57,300 
6.57,-24.11,57,300 
6.77,-23.86,57,300 
6.92,-23.58,57,300 
7.05,-23.29,57,300 
7.15,-22.98,57,300 
7.23,-22.65,57,300 
7.30,-22.32,57,300 
7.33,-21.94,57,300 
7.35,-21.56,57,300 
7.35,-21.14,57,300 
7.33,-20.72,57,300 
7.30,-20.27,57,300 
7.26,-19.81,57,300 
7.21,-19.33,57,300 
7.13,-18.83,57,300 
7.05,-18.33,57,300 
6.96,-17.80,57,300 
6.86,-17.27,57,300 
6.73,-16.73,57,300 
6.60,-16.19,57,300 
6.44,-15.63,57,300 
6.27,-15.08,57,300 
6.08,-14.53,57,300 
5.90,-13.97,57,300 
5.70,-13.38,57,300 
5.49,-12.80,57,300 
5.25,-12.20,57,300 
5.02,-11.62,57,300 
4.78,-11.04,57,300 
4.54,-10.44,57,300 
4.30,-9.85,57,300 
4.05,-9.25,57,300 
3.80,-8.66,57,300 
3.56,-8.07,57,300 
3.31,-7.48,57,300 
3.07,-6.88,57,300 
2.82,-6.27,57,300 
2.57,-5.67,57,300 
2.32,-5.08,57,300 
2.07,-4.50,57,300 
1.81,-3.92,57,300 
1.55,-3.34,57,300 
1.27,-2.75,57,300 
0.99,-2.17,57,300 
0.71,-1.61,57,300 
0.42,-1.06,57,300 
0.14,-0.52,57,300 
-0.15,0.00,57,300 
-0.44,0.51,57,300 
-0.76,1.01,57,300 
-1.08,1.50,57,300 
-1.40,1.97,57,300 
-1.73,2.45,57,300 
-2.08,2.92,57,300 
-2.44,3.39,57,300 
-2.82,3.84,57,300 
-3.21,4.28,57,300 
-3.58,4.71,57,300 
-3.97,5.14,57,300 
-4.33,5.57,57,300 
-4.70,6.00,57,300 
-5.06,6.42,57,300 
-5.42,6.84,57,300 
-5.76,7.23,57,300 
-6.09,7.64,57,300 
-6.42,8.03,57,300 
-6.75,8.42,57,300 
-7.07,8.80,57,300 
-7.38,9.19,57,300 
-7.68,9.57,57,300 
-7.98,9.94,57,300 
-8.25,10.29,57,300 
-8.52,10.64,57,300 
-8.77,10.98,57,300 
-9.00,11.34,57,300 
-9.22,11.69,57,300 
-9.43,12.01,57,300 
-9.63,12.31,57,300 
-9.79,12.60,57,300 
-9.90,12.89,57,300 
-9.97,13.16,57,300 
-10.00,13.41,57,300 
-9.99,13.68,57,300 
-9.96,13.93,57,300 
-10.09,14.14,57,300 
-10.36,14.36,57,300 
-10.60,14.56,57,300 
-10.75,14.73,57,300 
-10.82,14.90,57,300 
-10.82,15.05,57,300 
-10.83,15.21,57,300 
-10.92,15.37,57,300 
-11.00,15.49,57,300 
-11.01,15.62,57,300 
-10.97,15.73,57,300 
-10.92,15.84,57,300 
-10.90,15.94,57,300 
-10.87,16.03,57,300 
-10.81,16.11,57,300 
-10.74,16.18,57,300 
-10.68,16.24,57,300 
-10.61,16.28,57,300 
-10.54,16.30,57,300 
-10.47,16.31,57,300 
-10.41,16.30,57,300 
-10.33,16.28,57,300 
-10.26,16.24,57,300 
-10.19,16.19,57,300 
-10.11,16.11,57,300 
-10.03,16.02,57,300 
-9.95,15.91,57,300 
-9.86,15.79,57,300 
-9.77,15.65,57,300 
-9.69,15.49,57,300 
-9.59,15.33,57,300 
-9.49,15.15,57,300 
-9.39,14.96,57,300 
-9.29,14.75,57,300 
-9.19,14.53,57,300 
-9.09,14.30,57,300 
-8.98,14.06,57,300 
-8.87,13.80,57,300 
-8.76,13.52,57,300 
-8.64,13.23,57,300 
-8.52,12.92,57,300 
-8.41,12.59,57,300 
-8.31,12.24,57,300 
-8.22,11.86,57,300 
-8.13,11.44,57,300 
-8.03,11.03,57,300 
-7.92,10.62,57,300 
-7.81,10.21,57,300 
-7.69,9.79,57,300 
-7.58,9.37,57,300 
-7.46,8.94,57,300 
-7.34,8.50,57,300 
-7.22,8.05,57,300 
-7.10,7.58,57,300 
-6.97,7.11,57,300 
-6.84,6.63,57,300 
-6.71,6.14,57,300 
-6.59,5.63,57,300 
-6.46,5.12,57,300 
-6.34,4.59,57,300 
-6.21,4.06,57,300 
-6.10,3.51,57,300 
-5.99,2.93,57,300 
-5.89,2.35,57,300 
-5.80,1.77,57,300 
-5.70,1.19,57,300 
-5.61,0.62,57,300 
-5.51,0.04,57,300 
-5.40,-0.54,57,300 
-5.30,-1.12,57,300 
-5.20,-1.72,57,300 
-5.11,-2.32,57,300 
-5.01,-2.93,57,300 
-4.89,-3.53,57,300 
-4.76,-4.15,57,300 
-4.62,-4.75,57,300 
-4.48,-5.33,57,300 
-4.33,-5.92,57,300 
-4.17,-6.50,57,300 
-4.00,-7.05,57,300 
-3.82,-7.62,57,300 
-3.64,-8.18,57,300 
-3.46,-8.75,57,300 
-3.28,-9.31,57,300 
-3.13,-9.88,57,300 
-2.98,-10.45,57,300 
-2.82,-11.02,57,300 
-2.68,-11.58,57,300 
-2.57,-12.14,57,300 
-2.46,-12.70,57,300 
-2.37,-13.26,57,300 
-2.30,-13.81,57,300 
-2.25,-14.37,57,300 
-2.16,-14.87,57,300 
-1.93,-15.38,57,300 
-1.59,-15.88,57,300 
-1.28,-16.38,57,300 
-1.03,-16.87,57,300 
-0.81,-17.34,57,300 
-0.57,-17.80,57,300 
-0.29,-18.25,57,300 
-0.02,-18.70,57,300 
0.22,-19.13,57,300 
0.51,-19.55,57,300 
0.78,-19.95,57,300 
1.05,-20.34,57,300 
1.32,-20.69,57,300 
1.60,-21.04,57,300 
1.88,-21.37,57,300 
2.14,-21.69,57,300 
2.40,-21.98,57,300 
2.63,-22.26,57,300 
2.86,-22.51,57,300 
3.07,-22.75,57,300 
3.27,-22.96,57,300 
3.46,-23.17,57,300 
3.64,-23.35,57,300 
3.81,-23.51,57,300 
3.98,-23.65,57,300 
4.15,-23.77,57,300 
4.33,-23.86,57,300 
4.49,-23.93,57,300 
4.65,-23.97,57,300 
4.81,-24.00,57,300 
4.96,-24.00,57,300 
5.08,-23.99,57,300 
5.19,-23.96,57,300 
5.29,-23.91,57,300 
5.35,-23.84,57,300 
5.39,-23.76,57,300 
5.41,-23.67,57,300 
5.40,-23.56,57,300 
5.37,-23.44,57,300 
5.31,-23.31,57,300 
5.23,-23.16,57,300 
5.13,-23.00,57,300 
5.01,-22.82,57,300 
4.88,-22.63,57,300 
4.73,-22.43,57,300 
4.57,-22.21,57,300 
4.39,-21.98,57,300 
4.20,-21.72,57,300 
4.00,-21.45,57,300 
3.80,-21.17,57,300 
3.58,-20.86,57,300 
3.34,-20.53,57,300 
3.10,-20.19,57,300 
2.85,-19.84,57,300 
2.57,-19.47,57,300 
2.27,-19.07,57,300 
1.97,-18.67,57,300 
1.66,-18.25,57,300 
1.35,-17.84,57,300 
1.05,-17.42,57,300 
0.73,-16.98,57,300 
0.42,-16.54,57,300 
0.12,-16.09,57,300 
-0.19,-15.62,57,300 
-0.48,-15.15,57,300 
-0.76,-14.66,57,300 
-1.05,-14.16,57,300 
-1.33,-13.65,57,300 
-1.63,-13.15,57,300 
-1.92,-12.66,57,300 
-2.23,-12.16,57,300 
-2.54,-11.66,57,300 
-2.84,-11.16,57,300 
-3.13,-10.66,57,300 
-3.42,-10.17,57,300 
-3.71,-9.66,57,300 
-3.99,-9.17,57,300 
-4.27,-8.69,57,300 
-4.54,-8.20,57,300 
-4.80,-7.71,57,300 
-5.06,-7.22,57,300 
-5.32,-6.73,57,300 
-5.57,-6.23,57,300 
-5.80,-5.74,57,300 
-6.03,-5.24,57,300 
-6.26,-4.74,57,300 
-6.49,-4.25,57,300 
-6.71,-3.75,57,300 
-6.91,-3.25,57,300 
-7.10,-2.75,57,300 
-7.28,-2.25,57,300 
-7.44,-1.76,57,300 
-7.60,-1.27,57,300 
-7.75,-0.79,57,300 
-7.90,-0.32,57,300 
-8.03,0.14,57,300 
-8.15,0.59,57,300 
-8.25,1.03,57,300 
-8.35,1.47,57,300 
-8.41,1.91,57,300 
-8.47,2.35,57,300 
-8.50,2.77,57,300 
-8.52,3.18,57,300 
-8.52,3.59,57,300 
-8.49,4.01,57,300 
-8.45,4.42,57,300 
-8.37,4.82,57,300 
-8.27,5.23,57,300 
-8.16,5.61,57,300 
-8.03,5.98,57,300 
-7.87,6.33,57,300 
-7.71,6.66,57,300 
-7.61,7.00,57,300 
-7.64,7.30,57,300 
-7.70,7.59,57,300 
-7.72,7.86,57,300 
-7.69,8.13,57,300 
-7.63,8.38,57,300 
-7.58,8.64,57,300 
-7.54,8.88,57,300 
-7.52,9.10,57,300 
-7.49,9.32,57,300 
-7.45,9.52,57,300 
-7.42,9.72,57,300 
-7.38,9.91,57,300 
-7.32,10.09,57,300 
-7.27,10.27,57,300 
-7.22,10.44,57,300 
-7.15,10.61,57,300 
-7.07,10.79,57,300 
-7.00,10.94,57,300 
-6.94,11.08,57,300 
-6.87,11.20,57,300 
-6.82,11.30,57,300 
-6.77,11.39,57,300 
-6.71,11.46,57,300 
-6.67,11.54,57,300 
-6.63,11.57,57,300 
-6.57,11.60,57,300 
-6.52,11.61,57,300 
-6.46,11.60,57,300 
-6.40,11.57,57,300 
-6.34,11.54,57,300 
-6.29,11.49,57,300 
-6.23,11.42,57,300 
-6.16,11.35,57,300 
-6.11,11.26,57,300 
-6.05,11.16,57,300 
-5.99,11.05,57,300 
-5.94,10.92,57,300 
-5.89,10.79,57,300 
-5.84,10.64,57,300 
-5.78,10.48,57,300 
-5.73,10.31,57,300 
-5.68,10.12,57,300 
-5.62,9.92,57,300 
-5.57,9.70,57,300 
-5.53,9.48,57,300 
-5.49,9.22,57,300 
-5.46,8.94,57,300 
-5.43,8.66,57,300 
-5.39,8.37,57,300 
-5.33,8.07,57,300 
-5.27,7.76,57,300 
-5.20,7.45,57,300 
-5.13,7.14,57,300 
-5.07,6.83,57,300 
-4.99,6.51,57,300 
-4.91,6.18,57,300 
-4.83,5.84,57,300 
-4.75,5.50,57,300 
-4.67,5.15,57,300 
-4.58,4.79,57,300 
-4.50,4.43,57,300 
-4.43,4.06,57,300 
-4.35,3.68,57,300 
-4.28,3.28,57,300 
-4.22,2.87,57,300 
-4.16,2.46,57,300 
-4.10,2.04,57,300 
-4.05,1.62,57,300 
-4.00,1.19,57,300 
-3.96,0.77,57,300 
-3.92,0.35,57,300 
-3.90,-0.08,57,300 
-3.89,-0.51,57,300 
-3.88,-0.96,57,300 
-3.88,-1.41,57,300 
-3.88,-1.86,57,300 
-3.88,-2.32,57,300 
-3.89,-2.78,57,300 
-3.89,-3.25,57,300 
-3.90,-3.71,57,300 
-3.93,-4.19,57,300 
-3.97,-4.66,57,300 
-4.04,-5.15,57,300 
-4.09,-5.64,57,300 
-4.13,-6.11,57,300 
-4.15,-6.58,57,300 
-4.16,-7.05,57,300 
-4.17,-7.50,57,300 
-4.17,-7.97,57,300 
-4.17,-8.42,57,300 
-4.16,-8.88,57,300 
-4.14,-9.33,57,300 
-4.12,-9.78,57,300 
-4.08,-10.22,57,300 
-4.04,-10.66,57,300 
-3.99,-11.09,57,300 
-3.94,-11.53,57,300 
-3.86,-11.97,57,300 
-3.79,-12.41,57,300 
-3.73,-12.86,57,300 
-3.67,-13.30,57,300 
-3.61,-13.73,57,300 
-3.54,-14.18,57,300 
-3.47,-14.60,57,300 
-3.39,-15.03,57,300 
-3.32,-15.44,57,300 
-3.24,-15.84,57,300 
-3.17,-16.23,57,300 
-3.11,-16.61,57,300 
-3.04,-16.98,57,300 
-3.00,-17.35,57,300 
-2.95,-17.70,57,300 
-2.92,-18.05,57,300 
-2.91,-18.39,57,300 
-2.90,-18.71,57,300 
-2.91,-19.03,57,300 
-2.93,-19.33,57,300 
-2.97,-19.63,57,300 
-3.02,-19.91,57,300 
-3.09,-20.16,57,300 
-3.17,-20.42,57,300 
-3.18,-20.62,57,300 
-3.08,-20.83,57,300 
-2.97,-21.01,57,300 
-2.88,-21.18,57,300 
-2.82,-21.31,57,300 
-2.73,-21.44,57,300 
-2.63,-21.54,57,300 
-2.55,-21.62,57,300 
-2.45,-21.69,57,300 
-2.34,-21.74,57,300 
-2.23,-21.76,57,300 
-2.13,-21.76,57,300 
-2.02,-21.75,57,300 
-1.91,-21.72,57,300 
-1.81,-21.67,57,300 
-1.69,-21.60,57,300 
-1.57,-21.51,57,300 
-1.46,-21.42,57,300 
-1.34,-21.30,57,300 
-1.22,-21.16,57,300 
-1.10,-21.01,57,300 
-0.99,-20.84,57,300 
-0.87,-20.66,57,300 
-0.75,-20.47,57,300 
-0.61,-20.25,57,300 
-0.47,-20.01,57,300 
-0.32,-19.76,57,300 
-0.18,-19.50,57,300 
-0.04,-19.23,57,300 
0.09,-18.93,57,300 
0.24,-18.63,57,300 
0.39,-18.31,57,300 
0.55,-17.97,57,300 
0.70,-17.63,57,300 
0.84,-17.29,57,300 
0.99,-16.93,57,300 
1.13,-16.58,57,300 
1.29,-16.20,57,300 
1.45,-15.80,57,300 
1.60,-15.40,57,300 
1.72,-15.01,57,300 
1.83,-14.64,57,300 
1.92,-14.27,57,300 
2.01,-13.90,57,300 
2.08,-13.53,57,300 
2.14,-13.18,57,300 
2.18,-12.83,57,300 
2.21,-12.48,57,300 
2.24,-12.12,57,300 
2.25,-11.77,57,300 
2.27,-11.42,57,300 
2.29,-11.05,57,300 
2.30,-10.68,57,300 
2.31,-10.32,57,300 
2.29,-9.97,57,300 
2.27,-9.63,57,300 
2.24,-9.31,57,300 
2.19,-8.97,57,300 
2.12,-8.64,57,300 
2.04,-8.31,57,300 
1.96,-7.99,57,300 
1.87,-7.67,57,300 
1.77,-7.37,57,300 
1.67,-7.05,57,300 
1.56,-6.74,57,300 
1.44,-6.42,57,300 
1.32,-6.10,57,300 
1.19,-5.78,57,300 
1.06,-5.47,57,300 
0.93,-5.15,57,300 
0.80,-4.84,57,300 
0.67,-4.55,57,300 
0.52,-4.26,57,300 
0.36,-3.97,57,300 
0.19,-3.68,57,300 
0.00,-3.40,57,300 
-0.18,-3.11,57,300 
-0.37,-2.83,57,300 
-0.56,-2.55,57,300 
-0.75,-2.26,57,300 
-0.95,-1.99,57,300 
-1.15,-1.74,57,300 
-1.35,-1.50,57,300 
-1.57,-1.28,57,300 
-1.78,-1.07,57,300 
-2.01,-0.88,57,300 
-2.23,-0.71,57,300 
-2.47,-0.54,57,300 
-2.70,-0.40,57,300 
-2.94,-0.27,57,300 
-3.19,-0.14,57,300 
-3.44,-0.04,57,300 
-3.70,0.07,57,300 
-3.95,0.16,57,300 
-4.22,0.24,57,300 
-4.49,0.30,57,300 
-4.77,0.36,57,300 
-5.04,0.42,57,300 
-5.31,0.45,57,300 
-5.60,0.48,57,300 
-5.89,0.49,57,300 
-6.18,0.50,57,300 
-6.49,0.50,57,300 
-6.80,0.49,57,300 
-7.10,0.47,57,300 
-7.41,0.44,57,300 
-7.71,0.41,57,300 
-8.00,0.38,57,300 
-8.28,0.33,57,300 
-8.56,0.29,57,300 
-8.81,0.24,57,300 
-9.04,0.19,57,300 
-9.23,0.14,57,300 
-9.40,0.08,57,300 
-9.53,0.01,57,300 
-9.62,-0.05,57,300 
-9.67,-0.12,57,300 
-9.68,-0.20,57,300 
-9.66,-0.28,57,300 
-9.56,-0.37,57,300 
-9.60,-0.48,57,300 
-9.81,-0.56,57,300 
-10.06,-0.66,57,300 
-10.22,-0.78,57,300 
-10.30,-0.89,57,300 
-10.31,-1.01,57,300 
-10.33,-1.14,57,300 
-10.43,-1.27,57,300 
-10.54,-1.40,57,300 
-10.63,-1.55,57,300 
-10.67,-1.70,57,300 
-10.70,-1.86,57,300 
-10.76,-2.02,57,300 
-10.81,-2.20,57,300 
-10.83,-2.38,57,300 
-10.86,-2.58,57,300 
-10.88,-2.77,57,300 
-10.88,-2.98,57,300 
-10.87,-3.19,57,300 
-10.87,-3.39,57,300 
-10.85,-3.61,57,300 
-10.81,-3.82,57,300 
-10.76,-4.04,57,300 
-10.70,-4.25,57,300 
-10.61,-4.47,57,300 
-10.52,-4.69,57,300 
-10.42,-4.92,57,300 
-10.30,-5.15,57,300 
-10.19,-5.39,57,300 
-10.07,-5.63,57,300 
-9.95,-5.86,57,300 
-9.82,-6.09,57,300 
-9.68,-6.32,57,300 
-9.52,-6.54,57,300 
-9.36,-6.77,57,300 
-9.18,-7.00,57,300 
-9.00,-7.24,57,300 
-8.82,-7.46,57,300 
-8.63,-7.68,57,300 
-8.43,-7.91,57,300 
-8.22,-8.13,57,300 
-8.01,-8.36,57,300 
-7.79,-8.59,57,300 
-7.57,-8.82,57,300 
-7.36,-9.05,57,300 
-7.15,-9.29,57,300 
-6.94,-9.53,57,300 
-6.73,-9.77,57,300 
-6.53,-10.01,57,300 
-6.32,-10.26,57,300 
-6.13,-10.51,57,300 
-5.94,-10.77,57,300 
-5.75,-11.02,57,300 
-5.56,-11.28,57,300 
-5.38,-11.53,57,300 
-5.19,-11.80,57,300 
-5.00,-12.07,57,300 
-4.81,-12.35,57,300 
-4.61,-12.62,57,300 
-4.42,-12.89,57,300 
-4.22,-13.15,57,300 
-4.02,-13.40,57,300 
-3.81,-13.65,57,300 
-3.61,-13.90,57,300 
-3.40,-14.15,57,300 
-3.20,-14.38,57,300 
-3.01,-14.61,57,300 
-2.82,-14.84,57,300 
-2.64,-15.06,57,300 
-2.49,-15.27,57,300 
-2.34,-15.47,57,300 
-2.23,-15.65,57,300 
-2.14,-15.83,57,300 
-2.07,-15.99,57,300 
-2.05,-16.12,57,300 
-2.01,-16.33,57,300 
-1.90,-16.46,57,300 
-1.67,-16.59,57,300 
-1.39,-16.72,57,300 
-1.17,-16.84,57,300 
-1.00,-16.94,57,300 
-0.82,-17.04,57,300 
-0.59,-17.13,57,300 
-0.38,-17.22,57,300 
-0.17,-17.29,57,300 
0.06,-17.35,57,300 
0.29,-17.40,57,300 
0.50,-17.43,57,300 
0.73,-17.45,57,300 
0.96,-17.46,57,300 
1.18,-17.46,57,300 
1.41,-17.46,57,300 
1.62,-17.45,57,300 
1.84,-17.43,57,300 
2.06,-17.39,57,300 
2.27,-17.34,57,300 
2.46,-17.29,57,300 
2.66,-17.22,57,300 
2.84,-17.16,57,300 
3.00,-17.07,57,300 
3.14,-16.99,57,300 
3.25,-16.90,57,300 
3.33,-16.80,57,300 
3.40,-16.70,57,300 
3.44,-16.59,57,300 
3.44,-16.48,57,300 
3.42,-16.36,57,300 
3.38,-16.23,57,300 
3.32,-16.10,57,300 
3.22,-15.96,57,300 
3.09,-15.81,57,300 
2.94,-15.65,57,300 
2.76,-15.49,57,300 
2.56,-15.34,57,300 
2.34,-15.19,57,300 
2.10,-15.04,57,300 
1.85,-14.90,57,300 
1.59,-14.77,57,300 
1.32,-14.64,57,300 
1.05,-14.49,57,300 
0.80,-14.34,57,300 
0.54,-14.18,57,300 
0.29,-14.02,57,300 
0.03,-13.84,57,300 
-0.24,-13.65,57,300 
-0.50,-13.46,57,300 
-0.76,-13.27,57,300 
-1.02,-13.08,57,300 
-1.27,-12.88,57,300 
-1.51,-12.68,57,300 
-1.76,-12.47,57,300 
-2.01,-12.27,57,300 
-2.26,-12.06,57,300 
-2.52,-11.84,57,300 
-2.78,-11.62,57,300 
-3.03,-11.42,57,300 
-3.28,-11.21,57,300 
-3.52,-10.99,57,300 
-3.76,-10.77,57,300 
-4.01,-10.55,57,300 
-4.24,-10.34,57,300 
-4.46,-10.12,57,300 
-4.66,-9.91,57,300 
-4.85,-9.69,57,300 
-5.03,-9.46,57,300 
-5.19,-9.24,57,300 
-5.35,-9.01,57,300 
-5.49,-8.77,57,300 
-5.62,-8.54,57,300 
-5.74,-8.30,57,300 
-5.86,-8.06,57,300 
-5.96,-7.81,57,300 
-6.05,-7.56,57,300 
-6.14,-7.32,57,300 
-6.21,-7.07,57,300 
-6.28,-6.81,57,300 
-6.34,-6.56,57,300 
-6.40,-6.31,57,300 
-6.45,-6.05,57,300 
-6.49,-5.79,57,300 
-6.53,-5.54,57,300 
-6.56,-5.27,57,300 
-6.60,-5.00,57,300 
-6.61,-4.74,57,300 
-6.63,-4.48,57,300 
-6.64,-4.21,57,300 
-6.64,-3.94,57,300 
-6.62,-3.67,57,300 
-6.59,-3.39,57,300 
-6.53,-3.11,57,300 
-6.46,-2.83,57,300 
-6.39,-2.55,57,300 
-6.31,-2.28,57,300 
-6.24,-2.02,57,300 
-6.17,-1.78,57,300 
-6.10,-1.56,57,300 
-6.04,-1.34,57,300 
-5.98,-1.14,57,300 
-5.94,-0.96,57,300 
-5.89,-0.79,57,300 
-5.85,-0.64,57,300 
-5.81,-0.49,57,300 
-5.78,-0.36,57,300 
-5.74,-0.25,57,300 
-5.71,-0.13,57,300 
-5.68,-0.03,57,300 
-5.66,0.06,57,300 
-5.63,0.14,57,300 
-5.62,0.21,57,300 
-5.61,0.27,57,300 
-5.61,0.32,57,300 
-5.61,0.35,57,300 
-5.63,0.38,57,300 
-5.64,0.39,57,300 
-5.67,0.40,57,300 
-5.70,0.38,57,300 
-5.74,0.37,57,300 
-5.79,0.35,57,300 
-5.84,0.31,57,300 
-5.90,0.26,57,300 
-5.96,0.21,57,300 
-6.03,0.15,57,300 
-6.09,0.08,57,300 
-6.16,0.01,57,300 
-6.24,-0.08,57,300 
-6.32,-0.17,57,300 
-6.40,-0.26,57,300 
-6.48,-0.36,57,300 
-6.56,-0.47,57,300 
-6.65,-0.59,57,300 
-6.73,-0.71,57,300 
-6.81,-0.85,57,300 
-6.89,-0.99,57,300 
-6.96,-1.14,57,300 
-7.04,-1.31,57,300 
-7.10,-1.48,57,300 
-7.16,-1.66,57,300 
-7.21,-1.84,57,300 
-7.25,-2.03,57,300 
-7.27,-2.22,57,300 
-7.29,-2.41,57,300 
-7.28,-2.61,57,300 
-7.28,-2.80,57,300 
-7.26,-3.00,57,300 
-7.22,-3.19,57,300 
-7.17,-3.37,57,300 
-7.11,-3.55,57,300 
-7.04,-3.73,57,300 
-6.95,-3.91,57,300 
-6.85,-4.09,57,300 
-6.74,-4.26,57,300 
-6.62,-4.44,57,300 
-6.48,-4.60,57,300 
-6.34,-4.76,57,300 
-6.19,-4.93,57,300 
-6.03,-5.09,57,300 
-5.85,-5.25,57,300 
-5.67,-5.40,57,300 
-5.47,-5.54,57,300 
-5.25,-5.68,57,300 
-5.01,-5.81,57,300 
-4.77,-5.93,57,300 
-4.52,-6.05,57,300 
-4.28,-6.17,57,300 
-4.05,-6.30,57,300 
-3.82,-6.43,57,300 
-3.60,-6.58,57,300 
-3.40,-6.73,57,300 
-3.19,-6.88,57,300 
-3.00,-7.05,57,300 
-2.82,-7.21,57,300 
-2.63,-7.37,57,300 
-2.45,-7.55,57,300 
-2.28,-7.72,57,300 
-2.12,-7.90,57,300 
-1.98,-8.09,57,300 
-1.84,-8.28,57,300 
-1.72,-8.48,57,300 
-1.61,-8.67,57,300 
-1.52,-8.87,57,300 
-1.44,-9.07,57,300 
-1.36,-9.28,57,300 
-1.31,-9.50,57,300 
-1.26,-9.72,57,300 
-1.22,-9.94,57,300 
-1.19,-10.15,57,300 
-1.17,-10.36,57,300 
-1.15,-10.58,57,300 
-1.15,-10.80,57,300 
-1.15,-11.03,57,300 
-1.16,-11.26,57,300 
-1.18,-11.50,57,300 
-1.22,-11.74,57,300 
-1.28,-11.99,57,300 
-1.34,-12.23,57,300 
-1.39,-12.46,57,300 
-1.44,-12.69,57,300 
-1.49,-12.91,57,300 
-1.55,-13.13,57,300 
-1.59,-13.35,57,300 
-1.64,-13.57,57,300 
-1.71,-13.79,57,300 
-1.77,-14.02,57,300 
-1.83,-14.24,57,300 
-1.89,-14.44,57,300 
-1.94,-14.62,57,300 
-1.98,-14.79,57,300 
-2.02,-14.94,57,300 
-2.05,-15.09,57,300 
-2.09,-15.21,57,300 
-2.12,-15.34,57,300 
-2.14,-15.45,57,300 
-2.17,-15.55,57,300 
-2.20,-15.65,57,300 
-2.23,-15.74,57,300 
-2.26,-15.82,57,300 
-2.29,-15.89,57,300 
-2.31,-15.96,57,300 
-2.33,-16.02,57,300 
-2.34,-16.08,57,300 
-2.36,-16.13,57,300 
-2.37,-16.18,57,300 
-2.38,-16.21,57,300 
-2.39,-16.24,57,300 
-2.40,-16.26,57,300 
-2.40,-16.26,57,300 
-2.40,-16.27,57,300 
-2.39,-16.26,57,300 
-2.38,-16.25,57,300 
-2.37,-16.23,57,300 
-2.35,-16.20,57,300 
-2.34,-16.17,57,300 
-2.32,-16.13,57,300 
-2.30,-16.08,57,300 
-2.28,-16.02,57,300 
-2.25,-15.96,57,300 
-2.23,-15.89,57,300 
-2.20,-15.81,57,300 
-2.18,-15.73,57,300 
-2.15,-15.65,57,300 
-2.13,-15.55,57,300 
-2.11,-15.46,57,300 
-2.08,-15.35,57,300 
-2.06,-15.25,57,300 
-2.03,-15.13,57,300 
-1.99,-15.01,57,300 
-1.96,-14.87,57,300 
-1.93,-14.73,57,300 
-1.89,-14.56,57,300 
-1.83,-14.38,57,300 
-1.77,-14.18,57,300 
-1.71,-13.97,57,300 
-1.64,-13.76,57,300 
-1.59,-13.55,57,300 
-1.54,-13.34,57,300 
-1.49,-13.13,57,300 
-1.45,-12.92,57,300 
-1.41,-12.70,57,300 
-1.36,-12.47,57,300 
-1.30,-12.24,57,300 
-1.23,-12.01,57,300 
-1.18,-11.79,57,300 
-1.15,-11.58,57,300 
-1.13,-11.36,57,300 
-1.12,-11.15,57,300 
-1.12,-10.94,57,300 
-1.14,-10.73,57,300 
-1.16,-10.53,57,300 
-1.19,-10.34,57,300 
-1.23,-10.14,57,300 
-1.27,-9.95,57,300 
-1.32,-9.77,57,300 
-1.39,-9.58,57,300 
-1.47,-9.40,57,300 
-1.55,-9.22,57,300 
-1.65,-9.03,57,300 
-1.75,-8.86,57,300 
-1.86,-8.69,57,300 
-1.99,-8.53,57,300 
-2.12,-8.36,57,300 
-2.27,-8.21,57,300 
-2.43,-8.06,57,300 
-2.59,-7.92,57,300 
-2.77,-7.77,57,300 
-2.96,-7.63,57,300 
-3.14,-7.50,57,300 
-3.35,-7.38,57,300 
-3.56,-7.27,57,300 
-3.78,-7.16,57,300 
-3.99,-7.06,57,300 
-4.19,-6.96,57,300 
-4.39,-6.84,57,300 
-4.57,-6.71,57,300 
-4.73,-6.57,57,300 
-4.89,-6.44,57,300 
-5.04,-6.29,57,300 
-5.17,-6.14,57,300 
-5.29,-6.00,57,300 
-5.40,-5.85,57,300 
-5.49,-5.69,57,300 
-5.57,-5.52,57,300 
-5.63,-5.35,57,300 
-5.68,-5.17,57,300 
-5.71,-4.99,57,300 
-5.72,-4.79,57,300 
-5.72,-4.60,57,300 
-5.70,-4.40,57,300 
-5.68,-4.20,57,300 
-5.67,-4.01,57,300 
-5.65,-3.82,57,300 
-5.64,-3.64,57,300 
-5.64,-3.46,57,300 
-5.64,-3.29,57,300 
-5.65,-3.12,57,300 
-5.66,-2.95,57,300 
-5.69,-2.80,57,300 
-5.71,-2.65,57,300 
-5.75,-2.51,57,300 
-5.79,-2.39,57,300 
-5.83,-2.28,57,300 
-5.88,-2.19,57,300 
-5.94,-2.10,57,300 
-6.00,-2.04,57,300 
-6.07,-1.98,57,300 
-6.13,-1.95,57,300 
-6.20,-1.93,57,300 
-6.28,-1.91,57,300 
-6.36,-1.91,57,300 
-6.44,-1.92,57,300 
-6.51,-1.94,57,300 
-6.59,-1.99,57,300 
-6.67,-2.04,57,300 
-6.74,-2.09,57,300 
-6.80,-2.15,57,300 
-6.85,-2.23,57,300 
-6.90,-2.31,57,300 
-6.93,-2.40,57,300 
-6.95,-2.49,57,300 
-6.96,-2.58,57,300 
-6.96,-2.68,57,300 
-6.94,-2.78,57,300 
-6.91,-2.87,57,300 
-6.86,-2.97,57,300 
-6.79,-3.07,57,300 
-6.71,-3.16,57,300 
-6.61,-3.24,57,300 
-6.49,-3.33,57,300 
-6.37,-3.41,57,300 
-6.23,-3.49,57,300 
-6.09,-3.56,57,300 
-5.94,-3.64,57,300 
-5.81,-3.72,57,300 
-5.67,-3.80,57,300 
-5.54,-3.88,57,300 
-5.42,-3.96,57,300 
-5.29,-4.06,57,300 
-5.18,-4.16,57,300 
-5.08,-4.27,57,300 
-4.98,-4.38,57,300 
-4.89,-4.50,57,300 
-4.80,-4.62,57,300 
-4.71,-4.74,57,300 
-4.63,-4.88,57,300 
-4.56,-5.03,57,300 
-4.49,-5.18,57,300 
-4.42,-5.33,57,300 
-4.36,-5.49,57,300 
-4.31,-5.65,57,300 
-4.28,-5.81,57,300 
-4.25,-5.99,57,300 
-4.23,-6.17,57,300 
-4.22,-6.35,57,300 
-4.22,-6.55,57,300 
-4.23,-6.74,57,300 
-4.23,-6.94,57,300 
-4.21,-7.12,57,300 
-4.19,-7.31,57,300 
-4.16,-7.47,57,300 
-4.11,-7.63,57,300 
-4.05,-7.79,57,300 
-3.99,-7.94,57,300 
-3.92,-8.09,57,300 
-3.83,-8.23,57,300 
-3.73,-8.36,57,300 
-3.62,-8.50,57,300 
-3.49,-8.63,57,300 
-3.35,-8.74,57,300 
-3.18,-8.86,57,300 
-3.00,-8.98,57,300 
-2.83,-9.10,57,300 
-2.68,-9.21,57,300 
-2.53,-9.32,57,300 
-2.39,-9.44,57,300 
-2.25,-9.55,57,300 
-2.12,-9.68,57,300 
-2.00,-9.80,57,300 
-1.90,-9.93,57,300 
-1.80,-10.04,57,300 
-1.71,-10.15,57,300 
-1.63,-10.27,57,300 
-1.56,-10.39,57,300 
-1.49,-10.50,57,300 
-1.45,-10.62,57,300 
-1.41,-10.75,57,300 
-1.38,-10.88,57,300 
-1.36,-11.01,57,300 
-1.35,-11.14,57,300 
-1.35,-11.28,57,300 
-1.36,-11.43,57,300 
-1.37,-11.59,57,300 
-1.41,-11.74,57,300 
-1.44,-11.90,57,300 
-1.48,-12.05,57,300 
-1.52,-12.20,57,300 
-1.55,-12.34,57,300 
-1.58,-12.48,57,300 
-1.60,-12.61,57,300 
-1.64,-12.74,57,300 
-1.67,-12.87,57,300 
-1.69,-12.99,57,300 
-1.72,-13.12,57,300 
-1.74,-13.24,57,300 
-1.77,-13.35,57,300 
-1.81,-13.47,57,300 
-1.85,-13.59,57,300 
-1.90,-13.71,57,300 
-1.95,-13.83,57,300 
-2.00,-13.94,57,300 
-2.05,-14.05,57,300 
-2.08,-14.15,57,300 
-2.11,-14.22,57,300 
-2.13,-14.28,57,300 
-2.15,-14.33,57,300 
-2.16,-14.37,57,300 
-2.17,-14.40,57,300 
-2.17,-14.42,57,300 
-2.16,-14.41,57,300 
-2.16,-14.40,57,300 
-2.14,-14.37,57,300 
-2.12,-14.33,57,300 
-2.09,-14.27,57,300 
-2.05,-14.20,57,300 
-2.01,-14.12,57,300 
-1.96,-14.02,57,300 
-1.91,-13.91,57,300 
-1.86,-13.80,57,300 
-1.81,-13.69,57,300 
-1.76,-13.57,57,300 
-1.72,-13.46,57,300 
-1.67,-13.35,57,300 
-1.64,-13.24,57,300 
-1.61,-13.13,57,300 
-1.58,-13.02,57,300 
-1.55,-12.91,57,300 
-1.52,-12.79,57,300 
-1.49,-12.67,57,300 
-1.46,-12.54,57,300 
-1.43,-12.41,57,300 
-1.38,-12.27,57,300 
-1.34,-12.12,57,300 
-1.30,-11.97,57,300 
-1.26,-11.83,57,300 
-1.24,-11.70,57,300 
-1.23,-11.57,57,300 
-1.23,-11.45,57,300 
-1.25,-11.33,57,300 
-1.29,-11.21,57,300 
-1.33,-11.10,57,300 
-1.39,-10.99,57,300 
-1.45,-10.89,57,300 
-1.53,-10.79,57,300 
-1.61,-10.71,57,300 
-1.70,-10.61,57,300 
-1.80,-10.53,57,300 
-1.91,-10.46,57,300 
-2.03,-10.38,57,300 
-2.15,-10.31,57,300 
-2.27,-10.24,57,300 
-2.40,-10.17,57,300 
-2.55,-10.11,57,300 
-2.70,-10.04,57,300 
-2.87,-9.99,57,300 
-3.02,-9.92,57,300 
-3.17,-9.85,57,300 
-3.31,-9.78,57,300 
-3.44,-9.70,57,300 
-3.56,-9.61,57,300 
-3.67,-9.52,57,300 
-3.78,-9.44,57,300 
-3.86,-9.36,57,300 
-3.94,-9.27,57,300 
-4.00,-9.19,57,300 
-4.06,-9.11,57,300 
-4.11,-9.03,57,300 
-4.15,-8.95,57,300 
-4.18,-8.87,57,300 
-4.21,-8.80,57,300 
-4.22,-8.72,57,300 
-4.21,-8.63,57,300 
-4.21,-8.56,57,300 
-4.19,-8.47,57,300 
-4.16,-8.39,57,300 
-4.13,-8.30,57,300 
-4.08,-8.21,57,300 
-4.02,-8.11,57,300 
-3.94,-8.01,57,300 
-3.86,-7.90,57,300 
-3.75,-7.79,57,300 
-3.63,-7.67,57,300 
-3.52,-7.56,57,300 
-3.41,-7.46,57,300 
-3.31,-7.36,57,300 
-3.22,-7.26,57,300 
-3.14,-7.16,57,300 
-3.06,-7.07,57,300 
-2.98,-6.99,57,300 
-2.92,-6.92,57,300 
-2.87,-6.85,57,300 
-2.82,-6.79,57,300 
-2.77,-6.73,57,300 
-2.73,-6.67,57,300 
-2.70,-6.61,57,300 
-2.67,-6.57,57,300 
-2.65,-6.52,57,300 
-2.64,-6.47,57,300 
-2.62,-6.43,57,300 
-2.62,-6.39,57,300 
-2.61,-6.35,57,300 
-2.61,-6.32,57,300 
-2.62,-6.29,57,300 
-2.63,-6.25,57,300 
-2.64,-6.23,57,300 
-2.66,-6.20,57,300 
-2.68,-6.18,57,300 
-2.71,-6.15,57,300 
-2.75,-6.13,57,300 
-2.79,-6.11,57,300 
-2.82,-6.10,57,300 
-2.87,-6.09,57,300 
-2.91,-6.08,57,300 
-2.95,-6.08,57,300 
-3.00,-6.08,57,300 
-3.05,-6.08,57,300 
-3.10,-6.09,57,300 
-3.15,-6.10,57,300 
-3.22,-6.12,57,300 
-3.28,-6.13,57,300 
-3.35,-6.16,57,300 
-3.41,-6.18,57,300 
-3.48,-6.22,57,300 
-3.55,-6.26,57,300 
-3.63,-6.31,57,300 
-3.71,-6.37,57,300 
-3.80,-6.44,57,300 
-3.89,-6.51,57,300 
-4.00,-6.59,57,300 
-4.11,-6.69,57,300 
-4.23,-6.78,57,300 
-4.34,-6.88,57,300 
-4.43,-6.96,57,300 
-4.52,-7.04,57,300 
-4.60,-7.10,57,300 
-4.66,-7.16,57,300 
-4.71,-7.22,57,300 
-4.76,-7.27,57,300 
-4.79,-7.32,57,300 
-4.81,-7.36,57,300 
-4.82,-7.39,57,300 
-4.82,-7.41,57,300 
-4.82,-7.43,57,300 
-4.81,-7.45,57,300 
-4.78,-7.46,57,300 
-4.75,-7.46,57,300 
-4.71,-7.47,57,300 
-4.66,-7.46,57,300 
-4.60,-7.45,57,300 
-4.53,-7.43,57,300 
-4.44,-7.42,57,300 
-4.35,-7.39,57,300 
-4.24,-7.35,57,300 
-4.13,-7.32,57,300 
-3.99,-7.28,57,300 
-3.85,-7.23,57,300 
-3.72,-7.18,57,300 
-3.59,-7.14,57,300 
-3.47,-7.10,57,300 
-3.35,-7.07,57,300 
-3.24,-7.05,57,300 
-3.14,-7.03,57,300 
-3.05,-7.02,57,300 
-2.97,-7.02,57,300 
-2.89,-7.01,57,300 
-2.81,-7.01,57,300 
-2.76,-7.02,57,300 
-2.71,-7.03,57,300 
-2.65,-7.05,57,300 
-2.61,-7.06,57,300 
-2.57,-7.08,57,300 
-2.54,-7.11,57,300 
-2.52,-7.15,57,300 
-2.50,-7.18,57,300 
-2.48,-7.22,57,300 
-2.47,-7.26,57,300 
-2.47,-7.31,57,300 
-2.46,-7.36,57,300 
-2.47,-7.42,57,300 
-2.48,-7.48,57,300 
-2.50,-7.54,57,300 
-2.53,-7.61,57,300 
-2.57,-7.69,57,300 
-2.61,-7.76,57,300 
-2.67,-7.85,57,300 
-2.73,-7.93,57,300 
-2.79,-8.02,57,300 
-2.88,-8.12,57,300 
-2.98,-8.23,57,300 
-3.08,-8.34,57,300 
-3.20,-8.45,57,300 
-3.31,-8.56,57,300 
-3.41,-8.67,57,300 
-3.49,-8.79,57,300 
-3.55,-8.89,57,300 
-3.60,-9.00,57,300 
-3.63,-9.09,57,300 
-3.65,-9.19,57,300 
-3.65,-9.29,57,300 
-3.64,-9.38,57,300 
-3.62,-9.48,57,300 
-3.58,-9.57,57,300 
-3.54,-9.66,57,300 
-3.49,-9.76,57,300 
-3.42,-9.84,57,300 
-3.34,-9.93,57,300 
-3.26,-10.01,57,300 
-3.16,-10.08,57,300 
-3.06,-10.15,57,300 
-2.95,-10.21,57,300 
-2.83,-10.27,57,300 
-2.72,-10.33,57,300 
-2.61,-10.39,57,300 
-2.50,-10.46,57,300 
-2.40,-10.52,57,300 
-2.30,-10.58,57,300 
-2.22,-10.65,57,300 
-2.14,-10.72,57,300 
-2.07,-10.79,57,300 
-2.01,-10.86,57,300 
-1.95,-10.94,57,300 
-1.90,-11.02,57,300 
-1.85,-11.09,57,300 
-1.81,-11.18,57,300 
-1.78,-11.28,57,300 
-1.76,-11.36,57,300 
-1.73,-11.45,57,300 
-1.71,-11.54,57,300 
-1.69,-11.63,57,300 
-1.67,-11.73,57,300 
-1.65,-11.81,57,300 
-1.62,-11.90,57,300 
-1.59,-11.97,57,300 
-1.56,-12.04,57,300 
-1.53,-12.11,57,300 
-1.50,-12.17,57,300 
-1.46,-12.23,57,300 
-1.43,-12.29,57,300 
-1.39,-12.34,57,300 
-1.34,-12.38,57,300 
-1.30,-12.42,57,300 
-1.27,-12.46,57,300 
-1.22,-12.49,57,300 
-1.17,-12.52,57,300 
-1.12,-12.54,57,300 
-1.08,-12.56,57,300 
-1.04,-12.58,57,300 
-1.00,-12.60,57,300 
-0.96,-12.63,57,300 
-0.93,-12.65,57,300 
-0.91,-12.67,57,300 
