-2.67,-0.02,0.40,2.30,-0.15,-2.60,57 
-2.66,-0.01,0.41,2.30,-0.15,-2.60,57 
-2.66,-0.07,0.41,2.28,-0.15,-2.60,57 
-2.70,-0.10,0.38,2.33,-0.16,-2.59,57 
-2.69,-0.08,0.39,2.35,-0.16,-2.59,57 
-2.66,-0.06,0.42,2.30,-0.16,-2.58,57 
-2.67,-0.06,0.47,2.31,-0.16,-2.58,57 
-2.67,-0.08,0.47,2.31,-0.16,-2.58,57 
-2.66,-0.10,0.47,2.30,-0.16,-2.58,57 
-2.67,-0.13,0.55,2.30,-0.16,-2.58,57 
-2.68,-0.15,0.65,2.32,-0.16,-2.58,57 
-2.64,-0.24,0.82,2.29,-0.16,-2.58,57 
-2.62,-0.39,0.84,2.27,-0.16,-2.59,57 
-2.63,-0.60,0.82,2.26,-0.16,-2.59,57 
-2.63,-0.81,0.84,2.26,-0.16,-2.59,57 
-2.65,-1.00,0.89,2.28,-0.17,-2.60,57 
-2.66,-1.28,0.81,2.31,-0.17,-2.61,57 
-2.66,-1.57,0.70,2.32,-0.17,-2.61,57 
-2.65,-1.86,0.42,2.29,-0.17,-2.62,57 
-2.65,-2.11,0.29,2.30,-0.17,-2.62,57 
-2.64,-2.32,0.07,2.30,-0.17,-2.62,57 
-2.62,-2.50,-0.03,2.28,-0.17,-2.62,57 
-2.63,-2.70,-0.15,2.28,-0.17,-2.62,57 
-2.64,-2.86,-0.31,2.31,-0.18,-2.62,57 
-2.65,-3.02,-0.39,2.31,-0.18,-2.61,57 
-2.64,-3.15,-0.47,2.31,-0.18,-2.61,57 
-2.65,-3.30,-0.52,2.33,-0.18,-2.62,57 
-2.62,-3.51,-0.75,2.31,-0.18,-2.62,57 
-2.60,-3.73,-0.90,2.29,-0.18,-2.63,57 
-2.57,-3.91,-1.03,2.27,-0.18,-2.63,57 
-2.57,-4.06,-1.23,2.24,-0.18,-2.63,57 
-2.57,-4.19,-1.29,2.25,-0.18,-2.63,57 
-2.56,-4.36,-1.48,2.22,-0.18,-2.64,57 
-2.56,-4.54,-1.59,2.22,-0.19,-2.64,57 
-2.56,-4.71,-1.86,2.23,-0.19,-2.65,57 
-2.55,-4.86,-2.00,2.22,-0.19,-2.65,57 
-2.55,-5.01,-2.13,2.22,-0.20,-2.66,57 
-2.55,-5.13,-2.38,2.24,-0.20,-2.66,57 
-2.55,-5.24,-2.50,2.24,-0.20,-2.66,57 
-2.54,-5.34,-2.71,2.21,-0.21,-2.67,57 
-2.53,-5.43,-2.81,2.21,-0.21,-2.67,57 
-2.53,-5.54,-3.04,2.20,-0.21,-2.67,57 
-2.53,-5.64,-3.16,2.19,-0.22,-2.68,57 
-2.55,-5.71,-3.26,2.22,-0.22,-2.68,57 
-2.54,-5.76,-3.46,2.24,-0.22,-2.68,57 
-2.53,-5.82,-3.55,2.23,-0.22,-2.68,57 
-2.52,-5.88,-3.76,2.21,-0.22,-2.69,57 
-2.51,-5.93,-3.85,2.20,-0.23,-2.69,57 
-2.52,-5.98,-4.00,2.20,-0.23,-2.69,57 
-2.53,-6.02,-4.05,2.21,-0.23,-2.69,57 
-2.54,-6.07,-4.10,2.23,-0.23,-2.68,57 
-2.53,-6.14,-4.16,2.22,-0.23,-2.69,57 
-2.53,-6.23,-4.22,2.22,-0.23,-2.69,57 
-2.52,-6.37,-4.39,2.22,-0.24,-2.70,57 
-2.52,-6.50,-4.49,2.22,-0.24,-2.70,57 
-2.54,-6.62,-4.60,2.24,-0.25,-2.71,57 
-2.55,-6.75,-4.67,2.25,-0.25,-2.71,57 
-2.54,-6.87,-4.73,2.24,-0.26,-2.72,57 
-2.53,-7.03,-4.95,2.21,-0.27,-2.73,57 
-2.52,-7.17,-5.05,2.20,-0.27,-2.74,57 
-2.51,-7.32,-5.28,2.21,-0.28,-2.75,57 
-2.50,-7.47,-5.42,2.19,-0.29,-2.75,57 
-2.51,-7.61,-5.74,2.21,-0.29,-2.75,57 
-2.52,-7.70,-5.88,2.22,-0.29,-2.75,57 
-2.53,-7.77,-6.00,2.23,-0.28,-2.74,57 
-2.52,-7.84,-6.23,2.22,-0.27,-2.73,57 
-2.53,-7.89,-6.34,2.23,-0.26,-2.71,57 
-2.53,-7.93,-6.58,2.23,-0.24,-2.70,57 
-2.52,-7.94,-6.68,2.21,-0.23,-2.68,57 
-2.54,-7.93,-6.81,2.20,-0.22,-2.66,57 
-2.55,-7.91,-6.87,2.22,-0.20,-2.64,57 
-2.55,-7.87,-6.90,2.22,-0.18,-2.62,57 
-2.56,-7.83,-6.90,2.22,-0.18,-2.61,57 
-2.55,-7.80,-6.89,2.21,-0.17,-2.61,57 
-2.53,-7.84,-6.92,2.16,-0.19,-2.62,57 
-2.55,-7.92,-6.97,2.18,-0.19,-2.62,57 
-2.55,-7.98,-7.06,2.20,-0.20,-2.63,57 
-2.53,-8.06,-7.12,2.19,-0.21,-2.64,57 
-2.53,-8.16,-7.19,2.19,-0.22,-2.65,57 
-2.53,-8.26,-7.31,2.20,-0.22,-2.66,57 
-2.53,-8.35,-7.31,2.20,-0.23,-2.67,57 
-2.51,-8.49,-7.36,2.17,-0.26,-2.69,57 
-2.49,-8.66,-7.41,2.15,-0.28,-2.72,57 
-2.48,-8.87,-7.60,2.10,-0.31,-2.74,57 
-2.51,-9.06,-7.69,2.12,-0.34,-2.77,57 
-2.52,-9.23,-7.77,2.14,-0.37,-2.80,57 
-2.52,-9.38,-7.90,2.16,-0.41,-2.84,57 
-2.51,-9.55,-7.97,2.16,-0.46,-2.90,57 
-2.49,-9.74,-8.10,2.13,-0.55,-3.00,57 
-2.47,-9.94,-8.17,2.11,-0.69,3.14,57 
-2.47,-10.19,-8.41,2.10,-0.88,2.93,57 
-2.47,-10.43,-8.56,2.10,-1.14,2.65,57 
-2.48,-10.65,-8.69,2.10,-1.47,2.30,57 
-2.48,-10.83,-8.88,2.13,-1.82,1.94,57 
-2.48,-11.02,-8.98,2.14,-2.14,1.63,57 
-2.47,-11.22,-9.18,2.12,-2.37,1.42,57 
-2.46,-11.43,-9.28,2.12,-2.54,1.26,57 
-2.46,-11.65,-9.52,2.10,-2.65,1.16,57 
-2.45,-11.87,-9.66,2.10,-2.73,1.08,57 
-2.44,-12.09,-9.80,2.09,-2.80,1.02,57 
-2.44,-12.26,-10.08,2.10,-2.84,0.98,57 
-2.43,-12.43,-10.19,2.10,-2.88,0.94,57 
-2.42,-12.60,-10.41,2.09,-2.90,0.92,57 
-2.39,-12.80,-10.55,2.09,-2.91,0.90,57 
-2.34,-12.98,-10.81,2.04,-2.92,0.89,57 
-2.30,-13.19,-10.96,2.00,-2.93,0.87,57 
-2.25,-13.40,-11.11,1.96,-2.94,0.86,57 
-2.21,-13.61,-11.41,1.87,-2.95,0.85,57 
-2.18,-13.81,-11.54,1.84,-2.96,0.84,57 
-2.18,-14.02,-11.79,1.82,-2.97,0.83,57 
-2.17,-14.20,-11.89,1.83,-2.98,0.82,57 
-2.15,-14.42,-12.16,1.80,-2.98,0.81,57 
-2.11,-14.63,-12.31,1.77,-2.98,0.81,57 
-2.08,-14.85,-12.47,1.73,-2.98,0.81,57 
-2.17,-15.05,-12.67,1.76,-3.00,0.81,57 
-2.26,-15.25,-12.77,1.85,-3.01,0.80,57 
-2.23,-15.43,-13.01,1.91,-3.02,0.79,57 
-2.20,-15.61,-13.15,1.87,-3.02,0.79,57 
-2.18,-15.82,-13.49,1.84,-3.02,0.78,57 
-2.19,-16.04,-13.69,1.85,-3.03,0.78,57 
-2.19,-16.24,-13.88,1.85,-3.03,0.78,57 
-2.21,-16.40,-14.22,1.86,-3.04,0.77,57 
-2.22,-16.51,-14.33,1.87,-3.05,0.76,57 
-2.23,-16.61,-14.53,1.89,-3.05,0.76,57 
-2.23,-16.71,-14.62,1.90,-3.06,0.75,57 
-2.22,-16.86,-14.85,1.89,-3.06,0.75,57 
-2.21,-17.01,-14.98,1.87,-3.06,0.75,57 
-2.21,-17.16,-15.13,1.86,-3.06,0.75,57 
-2.21,-17.29,-15.35,1.86,-3.07,0.74,57 
-2.23,-17.42,-15.45,1.88,-3.08,0.73,57 
-2.24,-17.55,-15.60,1.91,-3.08,0.72,57 
-2.24,-17.70,-15.68,1.92,-3.08,0.72,57 
-2.23,-17.87,-15.88,1.91,-3.08,0.72,57 
-2.22,-18.09,-16.03,1.91,-3.08,0.72,57 
-2.19,-18.30,-16.19,1.91,-3.08,0.72,57 
-2.15,-18.53,-16.54,1.85,-3.07,0.72,57 
-2.11,-18.75,-16.73,1.81,-3.07,0.72,57 
-2.11,-18.95,-17.10,1.78,-3.07,0.72,57 
-2.10,-19.12,-17.25,1.77,-3.08,0.71,57 
-2.11,-19.26,-17.51,1.79,-3.08,0.70,57 
-2.11,-19.39,-17.60,1.80,-3.08,0.70,57 
-2.10,-19.54,-17.71,1.79,-3.08,0.70,57 
-2.08,-19.70,-17.98,1.75,-3.08,0.69,57 
-2.06,-19.88,-18.12,1.73,-3.08,0.69,57 
-2.06,-20.05,-18.37,1.75,-3.08,0.69,57 
-2.05,-20.22,-18.51,1.75,-3.08,0.69,57 
-2.02,-20.39,-18.76,1.72,-3.08,0.68,57 
-2.00,-20.58,-18.89,1.70,-3.08,0.68,57 
-1.97,-20.76,-19.01,1.68,-3.07,0.68,57 
-1.96,-20.95,-19.24,1.64,-3.07,0.68,57 
-1.94,-21.16,-19.35,1.63,-3.07,0.68,57 
-1.92,-21.39,-19.60,1.60,-3.07,0.68,57 
-1.90,-21.61,-19.73,1.58,-3.07,0.68,57 
-1.89,-21.86,-20.01,1.57,-3.07,0.68,57 
-1.90,-22.09,-20.15,1.59,-3.07,0.68,57 
-1.89,-22.33,-20.29,1.59,-3.07,0.68,57 
-1.88,-22.54,-20.56,1.58,-3.06,0.68,57 
-1.85,-22.75,-20.69,1.56,-3.06,0.69,57 
-1.83,-23.01,-20.98,1.54,-3.06,0.69,57 
-1.80,-23.30,-21.16,1.51,-3.06,0.70,57 
-1.77,-23.63,-21.49,1.48,-3.06,0.70,57 
-1.75,-23.94,-21.65,1.47,-3.05,0.70,57 
-1.75,-24.22,-21.81,1.49,-3.05,0.70,57 
-1.73,-24.51,-22.13,1.49,-3.05,0.70,57 
-1.69,-24.82,-22.31,1.47,-3.04,0.70,57 
-1.65,-25.13,-22.69,1.40,-3.04,0.70,57 
-1.61,-25.47,-22.94,1.36,-3.04,0.71,57 
-1.58,-25.82,-23.42,1.32,-3.04,0.71,57 
-1.58,-26.14,-23.66,1.32,-3.04,0.71,57 
-1.59,-26.42,-23.87,1.32,-3.04,0.70,57 
-1.59,-26.68,-24.25,1.32,-3.03,0.69,57 
-1.60,-26.92,-24.43,1.32,-3.03,0.69,57 
-1.63,-27.15,-24.78,1.37,-3.03,0.68,57 
-1.65,-27.37,-24.96,1.39,-3.03,0.68,57 
-1.67,-27.59,-25.36,1.40,-3.03,0.67,57 
-1.70,-27.79,-25.57,1.42,-3.03,0.67,57 
-1.75,-27.96,-25.76,1.47,-3.03,0.66,57 
-1.78,-28.09,-26.14,1.58,-3.03,0.65,57 
-1.80,-28.21,-26.31,1.60,-3.02,0.64,57 
-1.81,-28.30,-26.62,1.63,-3.02,0.64,57 
-1.82,-28.38,-26.74,1.66,-3.01,0.63,57 
-1.79,-28.47,-27.01,1.64,-3.01,0.63,57 
-1.74,-28.59,-27.18,1.59,-3.01,0.63,57 
-1.70,-28.74,-27.38,1.55,-3.00,0.63,57 
-1.70,-28.85,-27.70,1.54,-3.00,0.62,57 
-1.72,-28.96,-27.85,1.56,-2.99,0.61,57 
-1.72,-29.05,-28.09,1.60,-2.97,0.60,57 
-1.71,-29.14,-28.19,1.61,-2.96,0.59,57 
-1.68,-29.24,-28.41,1.59,-2.96,0.59,57 
-1.62,-29.36,-28.54,1.55,-2.96,0.60,57 
-1.56,-29.50,-28.70,1.51,-2.96,0.61,57 
-1.49,-29.65,-29.05,1.39,-2.96,0.61,57 
-1.42,-29.81,-29.20,1.32,-2.95,0.61,57 
-1.37,-29.98,-29.52,1.21,-2.95,0.61,57 
-1.35,-30.14,-29.66,1.18,-2.94,0.60,57 
-1.35,-30.28,-29.95,1.18,-2.94,0.60,57 
-1.36,-30.41,-30.09,1.20,-2.94,0.60,57 
-1.36,-30.54,-30.24,1.21,-2.94,0.60,57 
-1.36,-30.65,-30.50,1.20,-2.94,0.60,57 
-1.37,-30.75,-30.64,1.21,-2.93,0.59,57 
-1.37,-30.85,-30.87,1.25,-2.92,0.58,57 
-1.35,-30.93,-30.98,1.23,-2.91,0.58,57 
-1.35,-31.01,-31.23,1.23,-2.90,0.57,57 
-1.34,-31.09,-31.35,1.23,-2.89,0.56,57 
-1.32,-31.16,-31.47,1.22,-2.88,0.55,57 
-1.30,-31.23,-31.71,1.18,-2.87,0.54,57 
-1.29,-31.28,-31.81,1.17,-2.87,0.54,57 
-1.28,-31.33,-32.00,1.16,-2.85,0.53,57 
-1.29,-31.37,-32.07,1.17,-2.83,0.50,57 
-1.28,-31.40,-32.18,1.17,-2.81,0.48,57 
-1.27,-31.45,-32.24,1.17,-2.79,0.46,57 
-1.26,-31.51,-32.32,1.16,-2.78,0.45,57 
-1.22,-31.58,-32.45,1.12,-2.77,0.45,57 
-1.19,-31.66,-32.53,1.08,-2.75,0.44,57 
-1.17,-31.75,-32.70,1.04,-2.74,0.42,57 
-1.16,-31.84,-32.78,1.03,-2.72,0.40,57 
-1.17,-31.94,-32.95,1.02,-2.70,0.38,57 
-1.18,-32.02,-33.03,1.03,-2.67,0.35,57 
-1.20,-32.09,-33.10,1.05,-2.64,0.32,57 
-1.20,-32.15,-33.26,1.07,-2.61,0.29,57 
-1.21,-32.20,-33.34,1.08,-2.57,0.26,57 
-1.22,-32.23,-33.48,1.08,-2.54,0.22,57 
-1.23,-32.26,-33.53,1.09,-2.50,0.18,57 
-1.24,-32.28,-33.59,1.10,-2.44,0.13,57 
-1.26,-32.28,-33.60,1.11,-2.39,0.09,57 
-1.29,-32.31,-33.63,1.14,-2.34,0.04,57 
-1.28,-32.36,-33.72,1.16,-2.30,0.00,57 
-1.28,-32.41,-33.78,1.15,-2.24,-0.05,57 
-1.28,-32.46,-33.91,1.15,-2.14,-0.14,57 
-1.29,-32.49,-33.95,1.15,-2.04,-0.22,57 
-1.30,-32.52,-34.03,1.16,-1.96,-0.30,57 
-1.31,-32.55,-34.06,1.17,-1.87,-0.38,57 
-1.32,-32.58,-34.11,1.18,-1.80,-0.44,57 
-1.33,-32.59,-34.21,1.21,-1.74,-0.49,57 
-1.36,-32.60,-34.25,1.24,-1.70,-0.53,57 
-1.36,-32.60,-34.35,1.26,-1.68,-0.55,57 
-1.35,-32.59,-34.38,1.27,-1.66,-0.57,57 
-1.34,-32.58,-34.45,1.27,-1.63,-0.59,57 
-1.33,-32.56,-34.48,1.26,-1.63,-0.59,57 
-1.29,-32.56,-34.51,1.23,-1.60,-0.62,57 
-1.25,-32.55,-34.56,1.16,-1.58,-0.63,57 
-1.21,-32.54,-34.59,1.11,-1.58,-0.62,57 
-1.21,-32.54,-34.64,1.09,-1.59,-0.61,57 
-1.21,-32.55,-34.66,1.07,-1.60,-0.60,57 
-1.23,-32.53,-34.67,1.08,-1.64,-0.57,57 
-1.25,-32.50,-34.64,1.09,-1.66,-0.57,57 
-1.27,-32.47,-34.60,1.11,-1.67,-0.56,57 
-1.30,-32.44,-34.55,1.15,-1.66,-0.57,57 
-1.33,-32.42,-34.51,1.17,-1.65,-0.59,57 
-1.36,-32.43,-34.48,1.21,-1.58,-0.65,57 
-1.38,-32.43,-34.48,1.23,-1.53,-0.69,57 
-1.40,-32.44,-34.48,1.28,-1.44,-0.77,57 
-1.42,-32.46,-34.49,1.30,-1.35,-0.85,57 
-1.41,-32.48,-34.51,1.30,-1.24,-0.95,57 
-1.39,-32.50,-34.57,1.28,-1.20,-0.98,57 
-1.38,-32.51,-34.59,1.26,-1.20,-0.99,57 
-1.38,-32.49,-34.60,1.25,-1.24,-0.95,57 
-1.37,-32.47,-34.59,1.24,-1.27,-0.93,57 
-1.37,-32.44,-34.52,1.25,-1.27,-0.94,57 
-1.37,-32.42,-34.47,1.26,-1.21,-1.00,57 
-1.37,-32.40,-34.42,1.26,-1.11,-1.09,57 
-1.35,-32.42,-34.45,1.22,-1.00,-1.20,57 
-1.34,-32.45,-34.47,1.21,-0.92,-1.28,57 
-1.32,-32.47,-34.52,1.18,-0.89,-1.31,57 
-1.31,-32.46,-34.52,1.17,-0.88,-1.32,57 
-1.32,-32.44,-34.52,1.16,-0.89,-1.30,57 
-1.33,-32.42,-34.50,1.17,-0.93,-1.25,57 
-1.32,-32.40,-34.49,1.17,-0.94,-1.23,57 
-1.31,-32.37,-34.46,1.14,-0.97,-1.20,57 
-1.32,-32.36,-34.44,1.14,-1.00,-1.16,57 
-1.33,-32.33,-34.38,1.18,-1.04,-1.11,57 
-1.32,-32.30,-34.36,1.16,-1.07,-1.06,57 
-1.32,-32.29,-34.32,1.14,-1.12,-1.00,57 
-1.34,-32.27,-34.28,1.16,-1.14,-0.99,57 
-1.35,-32.22,-34.22,1.18,-1.16,-0.97,57 
-1.34,-32.21,-34.15,1.15,-1.10,-1.02,57 
-1.34,-32.20,-34.12,1.14,-1.03,-1.08,57 
-1.34,-32.20,-34.08,1.13,-1.00,-1.12,57 
-1.36,-32.20,-34.07,1.14,-1.03,-1.09,57 
-1.38,-32.19,-34.05,1.19,-1.07,-1.04,57 
-1.39,-32.18,-34.05,1.20,-1.18,-0.93,57 
-1.40,-32.16,-34.04,1.21,-1.32,-0.79,57 
-1.40,-32.11,-33.99,1.20,-1.54,-0.60,57 
-1.40,-32.08,-33.97,1.21,-1.72,-0.45,57 
-1.40,-32.04,-33.92,1.22,-1.94,-0.27,57 
-1.40,-32.00,-33.89,1.23,-2.13,-0.12,57 
-1.39,-31.97,-33.85,1.21,-2.33,0.04,57 
-1.39,-31.94,-33.84,1.20,-2.48,0.15,57 
-1.38,-31.90,-33.83,1.18,-2.59,0.24,57 
-1.40,-31.84,-33.80,1.19,-2.68,0.30,57 
-1.43,-31.75,-33.75,1.21,-2.74,0.35,57 
-1.45,-31.66,-33.63,1.25,-2.79,0.40,57 
-1.46,-31.57,-33.56,1.25,-2.85,0.45,57 
-1.46,-31.50,-33.46,1.25,-2.90,0.49,57 
-1.46,-31.44,-33.41,1.24,-2.92,0.51,57 
-1.47,-31.38,-33.35,1.25,-2.93,0.52,57 
-1.48,-31.33,-33.22,1.27,-2.94,0.53,57 
-1.48,-31.27,-33.15,1.26,-2.96,0.55,57 
-1.47,-31.26,-33.05,1.24,-2.98,0.56,57 
-1.48,-31.23,-33.00,1.24,-3.00,0.57,57 
-1.50,-31.21,-32.91,1.25,-3.01,0.59,57 
-1.53,-31.18,-32.86,1.27,-3.03,0.60,57 
-1.56,-31.16,-32.82,1.30,-3.05,0.61,57 
-1.58,-31.14,-32.78,1.35,-3.05,0.62,57 
-1.60,-31.11,-32.75,1.37,-3.06,0.62,57 
-1.60,-31.05,-32.68,1.39,-3.07,0.63,57 
-1.59,-31.02,-32.66,1.38,-3.08,0.64,57 
-1.57,-30.97,-32.62,1.37,-3.09,0.66,57 
-1.55,-30.92,-32.61,1.35,-3.11,0.67,57 
-1.53,-30.87,-32.59,1.33,-3.12,0.69,57 
-1.52,-30.82,-32.57,1.29,-3.11,0.68,57 
-1.52,-30.76,-32.55,1.29,-3.09,0.66,57 
-1.53,-30.65,-32.47,1.32,-3.07,0.64,57 
-1.53,-30.54,-32.41,1.32,-3.06,0.62,57 
-1.53,-30.44,-32.27,1.32,-3.05,0.62,57 
-1.52,-30.32,-32.18,1.32,-3.05,0.63,57 
-1.49,-30.23,-32.12,1.30,-3.07,0.64,57 
-1.46,-30.15,-32.01,1.23,-3.09,0.66,57 
-1.42,-30.10,-31.98,1.19,-3.10,0.68,57 
-1.41,-30.04,-31.89,1.14,-3.11,0.69,57 
-1.39,-29.99,-31.84,1.11,-3.11,0.69,57 
-1.41,-29.92,-31.74,1.11,-3.12,0.69,57 
-1.42,-29.85,-31.68,1.12,-3.12,0.69,57 
-1.45,-29.78,-31.62,1.13,-3.13,0.70,57 
-1.47,-29.69,-31.52,1.15,-3.14,0.70,57 
-1.50,-29.60,-31.46,1.18,3.14,0.70,57 
-1.51,-29.48,-31.34,1.19,3.13,0.70,57 
-1.53,-29.36,-31.27,1.20,3.13,0.70,57 
-1.55,-29.24,-31.12,1.23,3.13,0.70,57 
-1.59,-29.10,-31.02,1.26,3.13,0.70,57 
-1.61,-28.96,-30.92,1.27,3.12,0.69,57 
-1.64,-28.83,-30.73,1.31,3.12,0.69,57 
-1.67,-28.71,-30.64,1.33,3.12,0.69,57 
-1.69,-28.57,-30.42,1.37,3.12,0.69,57 
-1.71,-28.45,-30.31,1.38,3.11,0.69,57 
-1.73,-28.34,-30.11,1.41,3.11,0.69,57 
-1.75,-28.24,-30.01,1.41,3.10,0.69,57 
-1.76,-28.14,-29.90,1.42,3.10,0.70,57 
-1.78,-28.07,-29.70,1.42,3.09,0.70,57 
-1.81,-27.99,-29.59,1.44,3.08,0.70,57 
-1.83,-27.93,-29.44,1.48,3.07,0.71,57 
-1.84,-27.87,-29.37,1.49,3.07,0.71,57 
-1.86,-27.81,-29.23,1.50,3.06,0.71,57 
-1.89,-27.74,-29.14,1.52,3.06,0.71,57 
-1.92,-27.66,-29.06,1.54,3.05,0.71,57 
-1.95,-27.59,-28.90,1.58,3.05,0.71,57 
-1.98,-27.52,-28.83,1.61,3.04,0.72,57 
-2.00,-27.44,-28.62,1.63,3.03,0.72,57 
-2.03,-27.38,-28.54,1.65,3.03,0.72,57 
-2.06,-27.33,-28.37,1.72,3.03,0.72,57 
-2.07,-27.30,-28.33,1.74,3.02,0.72,57 
-2.07,-27.27,-28.29,1.74,3.02,0.72,57 
-2.09,-27.24,-28.21,1.76,3.03,0.71,57 
-2.12,-27.19,-28.15,1.77,3.03,0.70,57 
-2.13,-27.11,-27.99,1.79,3.04,0.69,57 
-2.12,-27.01,-27.84,1.77,3.04,0.68,57 
-2.12,-26.96,-27.62,1.82,3.04,0.69,57 
-2.10,-26.93,-27.55,1.80,3.03,0.69,57 
-2.09,-26.93,-27.50,1.78,3.03,0.70,57 
-2.09,-26.96,-27.47,1.77,3.02,0.71,57 
-2.07,-26.99,-27.48,1.76,3.02,0.71,57 
-2.11,-26.99,-27.42,1.78,3.02,0.71,57 
-2.12,-26.97,-27.39,1.79,3.02,0.70,57 
-2.13,-26.93,-27.28,1.80,3.02,0.71,57 
-2.11,-26.91,-27.25,1.79,3.02,0.71,57 
-2.11,-26.89,-27.22,1.79,3.02,0.71,57 
-2.10,-26.86,-27.14,1.78,3.02,0.70,57 
-2.08,-26.82,-27.09,1.76,3.02,0.70,57 
-2.06,-26.80,-27.05,1.73,3.02,0.71,57 
-2.05,-26.77,-27.03,1.70,3.02,0.71,57 
-2.04,-26.73,-26.98,1.68,3.02,0.70,57 
-2.04,-26.67,-26.93,1.67,3.02,0.70,57 
-2.04,-26.61,-26.89,1.67,3.02,0.70,57 
-2.06,-26.55,-26.79,1.68,3.02,0.70,57 
-2.08,-26.49,-26.75,1.69,3.02,0.69,57 
-2.11,-26.42,-26.65,1.72,3.01,0.69,57 
-2.12,-26.36,-26.62,1.73,3.01,0.69,57 
-2.13,-26.28,-26.55,1.75,3.01,0.69,57 
-2.15,-26.21,-26.53,1.76,3.01,0.69,57 
-2.17,-26.11,-26.50,1.78,3.01,0.68,57 
-2.19,-26.00,-26.42,1.80,3.01,0.67,57 
-2.21,-25.88,-26.36,1.82,3.02,0.67,57 
-2.22,-25.74,-26.22,1.86,3.02,0.66,57 
-2.23,-25.61,-26.16,1.86,3.02,0.66,57 
-2.21,-25.49,-26.11,1.84,3.02,0.66,57 
-2.22,-25.35,-26.06,1.84,3.02,0.65,57 
-2.22,-25.21,-26.01,1.83,3.02,0.65,57 
-2.24,-25.06,-25.87,1.85,3.02,0.64,57 
-2.25,-24.90,-25.78,1.85,3.02,0.63,57 
-2.27,-24.74,-25.57,1.87,3.02,0.63,57 
-2.27,-24.59,-25.49,1.88,3.02,0.63,57 
-2.28,-24.45,-25.35,1.89,3.02,0.62,57 
-2.27,-24.33,-25.29,1.88,3.02,0.62,57 
-2.28,-24.19,-25.20,1.88,3.02,0.61,57 
-2.28,-24.05,-25.00,1.90,3.02,0.61,57 
-2.29,-23.91,-24.89,1.90,3.02,0.60,57 
-2.30,-23.80,-24.71,1.91,3.02,0.60,57 
-2.29,-23.70,-24.64,1.90,3.02,0.60,57 
-2.30,-23.60,-24.52,1.89,3.02,0.60,57 
-2.30,-23.50,-24.45,1.89,3.02,0.59,57 
-2.32,-23.42,-24.39,1.90,3.02,0.59,57 
-2.32,-23.35,-24.27,1.90,3.02,0.58,57 
-2.35,-23.25,-24.21,1.91,3.02,0.57,57 
-2.37,-23.11,-24.05,1.95,3.01,0.56,57 
-2.39,-22.95,-23.96,1.97,3.01,0.55,57 
-2.39,-22.78,-23.73,1.97,3.01,0.55,57 
-2.40,-22.63,-23.64,1.97,3.01,0.55,57 
-2.40,-22.49,-23.55,1.97,3.01,0.55,57 
-2.42,-22.36,-23.39,1.98,3.01,0.54,57 
-2.43,-22.21,-23.31,1.99,3.00,0.54,57 
-2.44,-22.06,-23.12,2.01,3.00,0.53,57 
-2.45,-21.90,-23.01,2.02,3.00,0.53,57 
-2.46,-21.75,-22.80,2.04,3.00,0.52,57 
-2.45,-21.61,-22.71,2.02,3.00,0.52,57 
-2.45,-21.49,-22.63,2.02,3.00,0.52,57 
-2.45,-21.36,-22.51,2.01,3.00,0.52,57 
-2.44,-21.22,-22.45,2.00,3.00,0.52,57 
-2.44,-21.06,-22.29,1.98,3.00,0.51,57 
-2.44,-20.90,-22.20,1.97,3.00,0.50,57 
-2.45,-20.74,-21.99,1.98,2.99,0.50,57 
-2.47,-20.58,-21.91,1.99,2.99,0.49,57 
-2.49,-20.40,-21.78,2.00,2.99,0.48,57 
-2.50,-20.22,-21.50,2.02,2.99,0.47,57 
-2.52,-20.04,-21.37,2.03,2.98,0.46,57 
-2.50,-19.90,-21.19,2.02,2.98,0.46,57 
-2.49,-19.76,-21.14,2.00,2.98,0.46,57 
-2.49,-19.58,-21.05,1.98,2.98,0.46,57 
-2.49,-19.38,-20.96,1.98,2.98,0.45,57 
-2.51,-19.18,-20.88,1.98,2.97,0.44,57 
-2.53,-18.96,-20.68,2.01,2.97,0.43,57 
-2.54,-18.74,-20.58,2.01,2.96,0.42,57 
-2.56,-18.50,-20.36,2.04,2.95,0.41,57 
-2.58,-18.25,-20.25,2.05,2.95,0.40,57 
-2.60,-17.98,-20.00,2.08,2.94,0.38,57 
-2.61,-17.71,-19.85,2.08,2.93,0.37,57 
-2.64,-17.44,-19.72,2.11,2.92,0.35,57 
-2.65,-17.16,-19.39,2.08,2.91,0.33,57 
-2.68,-16.86,-19.19,2.10,2.90,0.31,57 
-2.71,-16.57,-18.79,2.16,2.89,0.29,57 
-2.73,-16.29,-18.58,2.16,2.88,0.28,57 
-2.75,-16.03,-18.21,2.20,2.87,0.27,57 
-2.76,-15.79,-18.03,2.22,2.86,0.25,57 
-2.78,-15.57,-17.85,2.23,2.85,0.24,57 
-2.79,-15.36,-17.49,2.24,2.84,0.22,57 
-2.78,-15.17,-17.32,2.22,2.83,0.21,57 
-2.76,-15.00,-17.03,2.22,2.82,0.20,57 
-2.76,-14.83,-16.90,2.21,2.81,0.19,57 
-2.76,-14.67,-16.63,2.21,2.81,0.17,57 
-2.73,-14.50,-16.49,2.18,2.80,0.16,57 
-2.72,-14.32,-16.34,2.16,2.79,0.14,57 
-2.71,-14.15,-16.07,2.15,2.78,0.13,57 
-2.70,-13.98,-15.94,2.14,2.77,0.12,57 
-2.69,-13.83,-15.73,2.11,2.76,0.10,57 
-2.68,-13.69,-15.67,2.11,2.75,0.09,57 
-2.66,-13.51,-15.54,2.08,2.73,0.06,57 
-2.66,-13.30,-15.47,2.08,2.71,0.04,57 
-2.64,-13.06,-15.38,2.06,2.69,0.01,57 
-2.62,-12.78,-15.17,2.02,2.66,-0.03,57 
-2.63,-12.49,-15.04,2.01,2.62,-0.07,57 
-2.64,-12.17,-14.78,2.00,2.58,-0.12,57 
-2.65,-11.83,-14.61,1.99,2.52,-0.18,57 
-2.69,-11.45,-14.27,2.06,2.46,-0.26,57 
-2.70,-11.07,-14.06,2.05,2.38,-0.33,57 
-2.74,-10.70,-13.84,2.08,2.30,-0.42,57 
-2.75,-10.31,-13.38,2.11,2.22,-0.51,57 
-2.77,-9.91,-13.13,2.12,2.13,-0.60,57 
-2.81,-9.53,-12.67,2.16,2.04,-0.69,57 
-2.82,-9.15,-12.42,2.17,1.95,-0.79,57 
-2.82,-8.79,-11.90,2.16,1.87,-0.88,57 
-2.82,-8.46,-11.62,2.15,1.78,-0.97,57 
-2.84,-8.15,-11.33,2.16,1.70,-1.05,57 
-2.85,-7.88,-10.79,2.16,1.63,-1.12,57 
-2.86,-7.63,-10.52,2.17,1.58,-1.18,57 
-2.86,-7.43,-10.01,2.17,1.53,-1.23,57 
-2.86,-7.27,-9.80,2.16,1.48,-1.28,57 
-2.88,-7.13,-9.44,2.16,1.43,-1.33,57 
-2.91,-7.01,-9.26,2.19,1.39,-1.37,57 
-2.95,-6.86,-9.08,2.22,1.34,-1.41,57 
-2.96,-6.70,-8.74,2.25,1.30,-1.46,57 
-2.96,-6.54,-8.60,2.24,1.26,-1.51,57 
-2.97,-6.36,-8.36,2.25,1.21,-1.56,57 
-3.01,-6.16,-8.23,2.29,1.15,-1.62,57 
-3.00,-5.92,-7.92,2.29,1.10,-1.67,57 
-3.00,-5.67,-7.75,2.29,1.06,-1.73,57 
-3.01,-5.40,-7.57,2.29,1.01,-1.78,57 
-3.00,-5.15,-7.24,2.28,0.96,-1.83,57 
-2.99,-4.88,-7.08,2.28,0.92,-1.88,57 
-3.00,-4.59,-6.66,2.27,0.89,-1.92,57 
-2.98,-4.29,-6.42,2.24,0.86,-1.96,57 
-2.98,-4.02,-5.94,2.22,0.83,-2.00,57 
-2.98,-3.79,-5.73,2.21,0.80,-2.03,57 
-2.99,-3.57,-5.53,2.22,0.78,-2.06,57 
-2.98,-3.36,-5.16,2.23,0.76,-2.09,57 
-3.00,-3.14,-4.95,2.25,0.74,-2.11,57 
-2.97,-2.93,-4.59,2.21,0.72,-2.13,57 
-2.97,-2.74,-4.41,2.21,0.70,-2.16,57 
-2.97,-2.55,-4.05,2.21,0.69,-2.18,57 
-2.97,-2.37,-3.89,2.21,0.67,-2.20,57 
-2.96,-2.20,-3.74,2.21,0.66,-2.22,57 
-2.95,-2.02,-3.44,2.21,0.64,-2.24,57 
-2.94,-1.84,-3.28,2.20,0.63,-2.26,57 
-2.95,-1.66,-2.94,2.20,0.62,-2.28,57 
-2.94,-1.46,-2.77,2.19,0.61,-2.29,57 
-2.94,-1.28,-2.47,2.20,0.60,-2.31,57 
-2.95,-1.09,-2.31,2.21,0.59,-2.33,57 
-2.95,-0.88,-2.13,2.22,0.58,-2.34,57 
-2.93,-0.68,-1.78,2.19,0.57,-2.35,57 
-2.91,-0.49,-1.58,2.16,0.56,-2.37,57 
-2.91,-0.30,-1.23,2.16,0.55,-2.38,57 
-2.93,-0.12,-1.05,2.19,0.55,-2.39,57 
-2.94,0.04,-0.72,2.20,0.54,-2.40,57 
-2.94,0.19,-0.55,2.20,0.53,-2.41,57 
-2.95,0.35,-0.38,2.22,0.53,-2.42,57 
-2.93,0.49,-0.05,2.19,0.52,-2.43,57 
-2.96,0.89,0.38,2.26,0.52,-2.45,57 
-2.88,0.88,0.85,2.11,0.52,-2.45,57 
-2.87,0.78,0.96,2.08,0.52,-2.44,57 
-2.89,0.72,1.13,2.18,0.51,-2.44,57 
-2.89,0.70,1.20,2.18,0.51,-2.44,57 
-2.89,0.70,1.30,2.17,0.51,-2.44,57 
-2.88,0.71,1.48,2.18,0.51,-2.44,57 
-2.86,0.72,1.54,2.17,0.51,-2.45,57 
-2.86,0.79,1.60,2.16,0.50,-2.46,57 
-2.86,0.90,1.66,2.16,0.50,-2.47,57 
-2.87,1.05,1.95,2.19,0.50,-2.47,57 
-2.83,1.07,2.06,2.17,0.50,-2.48,57 
-2.77,1.04,2.09,2.09,0.50,-2.48,57 
-2.80,1.09,2.24,2.13,0.50,-2.48,57 
-2.78,1.12,2.32,2.12,0.50,-2.48,57 
-2.77,1.17,2.51,2.10,0.49,-2.49,57 
-2.76,1.19,2.60,2.09,0.49,-2.49,57 
-2.75,1.20,2.86,2.07,0.49,-2.50,57 
-2.78,1.13,2.83,2.12,0.48,-2.51,57 
-2.78,1.13,2.83,2.14,0.48,-2.51,57 
-2.75,1.23,3.18,2.09,0.48,-2.52,57 
-2.76,1.20,3.20,2.09,0.47,-2.53,57 
-2.74,1.23,3.16,2.15,0.47,-2.54,57 
-2.71,1.31,3.29,2.10,0.47,-2.56,57 
-2.70,1.27,3.40,2.10,0.46,-2.56,57 
-2.70,1.25,3.42,2.10,0.46,-2.56,57 
-2.67,1.28,3.49,2.07,0.46,-2.57,57 
-2.67,1.26,3.59,2.05,0.46,-2.56,57 
-2.68,1.25,3.62,2.06,0.46,-2.57,57 
-2.68,1.25,3.70,2.09,0.46,-2.57,57 
-2.68,1.25,3.73,2.10,0.45,-2.57,57 
-2.68,1.25,3.81,2.09,0.45,-2.57,57 
-2.66,1.24,3.83,2.08,0.45,-2.57,57 
-2.66,1.23,3.84,2.08,0.45,-2.57,57 
-2.66,1.25,3.92,2.09,0.45,-2.57,57 
-2.65,1.25,3.95,2.09,0.45,-2.57,57 
-2.63,1.24,3.97,2.06,0.45,-2.57,57 
-2.62,1.24,3.97,2.05,0.45,-2.57,57 
-2.63,1.25,4.08,2.05,0.44,-2.58,57 
-2.65,1.21,4.05,2.08,0.44,-2.58,57 
-2.66,1.19,4.01,2.09,0.44,-2.58,57 
-2.65,1.23,4.12,2.08,0.43,-2.59,57 
-2.64,1.23,4.13,2.07,0.43,-2.59,57 
-2.63,1.22,4.13,2.07,0.43,-2.59,57 
-2.62,1.23,4.14,2.07,0.43,-2.59,57 
-2.63,1.23,4.12,2.08,0.43,-2.59,57 
-2.62,1.24,4.10,2.07,0.42,-2.59,57 
-2.63,1.25,4.07,2.09,0.42,-2.60,57 
-2.63,1.28,3.97,2.10,0.42,-2.60,57 
-2.63,1.34,3.93,2.11,0.42,-2.61,57 
-2.62,1.44,3.85,2.10,0.41,-2.61,57 
-2.61,1.56,3.81,2.08,0.41,-2.62,57 
-2.61,1.71,3.78,2.09,0.41,-2.63,57 
-2.61,1.89,3.78,2.09,0.40,-2.64,57 
-2.60,2.07,3.80,2.08,0.40,-2.65,57 
-2.60,2.27,3.82,2.07,0.40,-2.66,57 
-2.59,2.49,3.85,2.07,0.39,-2.67,57 
-2.60,2.71,3.95,2.07,0.39,-2.68,57 
-2.61,2.92,3.99,2.08,0.39,-2.69,57 
-2.62,3.13,4.05,2.11,0.38,-2.70,57 
-2.61,3.37,4.09,2.11,0.38,-2.72,57 
-2.61,3.61,4.15,2.11,0.38,-2.73,57 
-2.61,3.86,4.28,2.11,0.38,-2.74,57 
-2.61,4.11,4.35,2.11,0.38,-2.75,57 
-2.63,4.37,4.49,2.14,0.37,-2.77,57 
-2.63,4.62,4.56,2.14,0.37,-2.78,57 
-2.63,4.90,4.73,2.15,0.37,-2.79,57 
-2.63,5.20,4.86,2.14,0.37,-2.80,57 
-2.63,5.48,5.00,2.14,0.37,-2.81,57 
-2.64,5.74,5.29,2.16,0.37,-2.82,57 
-2.66,5.98,5.41,2.18,0.37,-2.84,57 
-2.66,6.22,5.65,2.20,0.38,-2.85,57 
-2.67,6.45,5.77,2.21,0.38,-2.86,57 
-2.67,6.67,6.02,2.23,0.38,-2.87,57 
-2.67,6.88,6.16,2.22,0.38,-2.88,57 
-2.68,7.07,6.28,2.23,0.39,-2.90,57 
-2.68,7.26,6.48,2.24,0.39,-2.91,57 
-2.68,7.46,6.62,2.25,0.39,-2.92,57 
-2.69,7.65,6.84,2.26,0.40,-2.93,57 
-2.68,7.82,6.92,2.26,0.40,-2.94,57 
-2.69,8.00,7.00,2.27,0.41,-2.96,57 
-2.70,8.20,7.04,2.28,0.41,-2.98,57 
-2.70,8.43,7.08,2.28,0.42,-3.00,57 
-2.71,8.72,7.23,2.31,0.43,-3.01,57 
-2.71,9.01,7.30,2.32,0.44,-3.03,57 
-2.70,9.35,7.63,2.29,0.45,-3.05,57 
-2.74,9.62,7.82,2.31,0.45,-3.06,57 
-2.70,9.90,7.95,2.37,0.46,-3.08,57 
-2.66,10.27,8.12,2.30,0.48,-3.10,57 
-2.69,10.61,8.30,2.33,0.50,-3.14,57 
-2.68,10.95,8.57,2.38,0.52,3.12,57 
-2.68,11.28,8.73,2.38,0.55,3.09,57 
-2.68,11.63,9.16,2.39,0.57,3.05,57 
-2.68,11.96,9.40,2.38,0.60,3.02,57 
-2.68,12.23,9.77,2.39,0.63,2.99,57 
-2.67,12.50,9.95,2.38,0.66,2.95,57 
-2.66,12.78,10.17,2.37,0.70,2.90,57 
-2.66,13.07,10.57,2.39,0.74,2.85,57 
-2.66,13.38,10.87,2.38,0.78,2.80,57 
-2.66,13.60,11.31,2.39,0.83,2.75,57 
-2.66,13.83,11.51,2.38,0.89,2.68,57 
-2.67,14.02,11.91,2.37,0.94,2.62,57 
-2.69,14.21,12.12,2.39,0.99,2.56,57 
-2.72,14.37,12.32,2.41,1.04,2.51,57 
-2.72,14.54,12.60,2.42,1.09,2.45,57 
-2.71,14.72,12.79,2.41,1.14,2.40,57 
-2.74,14.88,13.18,2.47,1.19,2.34,57 
-2.74,15.02,13.35,2.47,1.23,2.29,57 
-2.77,15.13,13.73,2.48,1.28,2.24,57 
-2.77,15.26,13.88,2.49,1.33,2.19,57 
-2.76,15.39,14.04,2.46,1.38,2.13,57 
-2.79,15.50,14.32,2.49,1.43,2.08,57 
-2.78,15.63,14.47,2.49,1.48,2.02,57 
-2.79,15.74,14.84,2.50,1.51,1.98,57 
-2.79,15.86,15.02,2.50,1.55,1.95,57 
-2.79,15.93,15.23,2.52,1.58,1.91,57 
-2.80,16.00,15.33,2.53,1.62,1.86,57 
-2.81,16.10,15.46,2.54,1.67,1.82,57 
-2.81,16.20,15.71,2.54,1.71,1.77,57 
-2.81,16.31,15.84,2.54,1.75,1.73,57 
-2.81,16.42,16.10,2.53,1.79,1.68,57 
-2.81,16.51,16.23,2.52,1.82,1.65,57 
-2.82,16.61,16.51,2.53,1.86,1.61,57 
-2.83,16.70,16.62,2.54,1.89,1.58,57 
-2.84,16.78,16.73,2.55,1.92,1.54,57 
-2.85,16.86,16.94,2.59,1.96,1.50,57 
-2.83,16.93,17.03,2.57,1.99,1.47,57 
-2.83,17.04,17.30,2.56,2.02,1.43,57 
-2.81,17.14,17.47,2.54,2.04,1.42,57 
-2.81,17.17,17.78,2.52,2.04,1.42,57 
-2.83,17.17,17.87,2.53,2.04,1.41,57 
-2.84,17.17,17.95,2.54,2.04,1.41,57 
-2.86,17.18,18.05,2.58,2.05,1.40,57 
-2.87,17.19,18.09,2.59,2.06,1.38,57 
-2.87,17.24,18.16,2.60,2.09,1.36,57 
-2.87,17.30,18.20,2.60,2.11,1.33,57 
-2.87,17.38,18.31,2.59,2.14,1.30,57 
-2.87,17.47,18.36,2.59,2.17,1.27,57 
-2.87,17.56,18.40,2.59,2.20,1.23,57 
-2.88,17.66,18.47,2.61,2.24,1.19,57 
-2.88,17.79,18.53,2.61,2.29,1.14,57 
-2.87,17.96,18.77,2.58,2.32,1.10,57 
-2.87,18.13,18.94,2.57,2.35,1.07,57 
-2.90,18.22,19.21,2.61,2.36,1.06,57 
-2.91,18.29,19.30,2.61,2.37,1.05,57 
-2.92,18.37,19.40,2.62,2.37,1.03,57 
-2.94,18.42,19.60,2.67,2.38,1.03,57 
-2.95,18.47,19.68,2.69,2.39,1.02,57 
-2.96,18.50,19.80,2.70,2.39,1.01,57 
-2.97,18.54,19.86,2.72,2.40,1.01,57 
-2.97,18.57,19.96,2.71,2.40,1.00,57 
-2.96,18.60,19.98,2.71,2.41,0.99,57 
-2.97,18.63,20.00,2.71,2.42,0.98,57 
-2.97,18.69,20.02,2.70,2.43,0.96,57 
-2.98,18.76,20.02,2.70,2.45,0.94,57 
-2.99,18.89,20.06,2.74,2.47,0.92,57 
-3.00,19.04,20.10,2.75,2.49,0.89,57 
-3.00,19.21,20.22,2.75,2.51,0.87,57 
-2.99,19.38,20.29,2.73,2.53,0.84,57 
-2.99,19.56,20.38,2.74,2.55,0.82,57 
-2.99,19.74,20.63,2.73,2.56,0.81,57 
-3.01,19.89,20.77,2.74,2.57,0.79,57 
-3.01,20.00,21.02,2.75,2.57,0.79,57 
-3.04,20.09,21.13,2.77,2.57,0.78,57 
-3.06,20.14,21.25,2.81,2.58,0.77,57 
-3.08,20.20,21.30,2.83,2.58,0.77,57 
-3.09,20.28,21.36,2.84,2.58,0.76,57 
-3.08,20.34,21.48,2.84,2.59,0.75,57 
-3.08,20.41,21.54,2.83,2.59,0.75,57 
-3.08,20.47,21.66,2.84,2.60,0.74,57 
-3.09,20.54,21.71,2.84,2.60,0.73,57 
-3.08,20.59,21.78,2.82,2.61,0.73,57 
-3.08,20.65,21.80,2.82,2.61,0.72,57 
-3.09,20.74,21.84,2.82,2.62,0.71,57 
-3.10,20.85,21.97,2.83,2.62,0.70,57 
-3.10,20.95,22.03,2.83,2.62,0.69,57 
-3.10,21.06,22.16,2.84,2.63,0.69,57 
-3.10,21.16,22.23,2.83,2.63,0.68,57 
-3.11,21.25,22.38,2.84,2.64,0.67,57 
-3.11,21.32,22.40,2.84,2.64,0.66,57 
-3.09,21.41,22.43,2.81,2.64,0.66,57 
-3.14,21.48,22.45,2.90,2.65,0.65,57 
-3.15,21.60,22.50,2.91,2.65,0.64,57 
-3.15,21.75,22.68,2.88,2.66,0.63,57 
-3.15,21.89,22.77,2.89,2.66,0.62,57 
-3.15,22.00,22.95,2.87,2.66,0.62,57 
-3.16,22.11,23.05,2.88,2.66,0.61,57 
-3.18,22.20,23.14,2.90,2.66,0.61,57 
-3.19,22.26,23.26,2.91,2.66,0.60,57 
-3.20,22.31,23.30,2.93,2.67,0.60,57 
-3.21,22.38,23.32,2.97,2.67,0.59,57 
-3.21,22.47,23.34,2.97,2.67,0.58,57 
-3.20,22.58,23.42,2.95,2.68,0.58,57 
-3.18,22.70,23.48,2.92,2.68,0.57,57 
-3.17,22.83,23.55,2.90,2.68,0.56,57 
-3.16,22.94,23.59,2.89,2.69,0.55,57 
-3.15,23.05,23.63,2.88,2.69,0.54,57 
-3.16,23.20,23.71,2.88,2.70,0.53,57 
-3.17,23.36,23.78,2.89,2.70,0.52,57 
-3.19,23.52,23.93,2.92,2.71,0.51,57 
-3.18,23.68,23.99,2.92,2.71,0.50,57 
-3.17,23.84,24.06,2.91,2.72,0.48,57 
-3.17,24.01,24.22,2.89,2.72,0.47,57 
-3.16,24.18,24.31,2.88,2.72,0.47,57 
-3.17,24.34,24.43,2.89,2.73,0.45,57 
-3.18,24.51,24.50,2.90,2.73,0.45,57 
-3.20,24.70,24.65,2.95,2.73,0.43,57 
-3.20,24.89,24.74,2.96,2.73,0.42,57 
-3.20,25.09,24.84,2.95,2.74,0.41,57 
-3.20,25.27,25.03,2.97,2.74,0.40,57 
-3.18,25.46,25.14,2.95,2.74,0.39,57 
-3.19,25.63,25.35,2.93,2.74,0.38,57 
-3.20,25.78,25.42,2.95,2.74,0.38,57 
-3.21,25.96,25.61,2.95,2.74,0.37,57 
-3.22,26.14,25.72,2.96,2.74,0.36,57 
-3.23,26.31,25.81,2.99,2.75,0.35,57 
-3.21,26.49,26.05,2.93,2.75,0.34,57 
-3.22,26.66,26.19,2.93,2.75,0.33,57 
-3.24,26.78,26.43,2.97,2.75,0.32,57 
-3.25,26.89,26.52,2.97,2.74,0.32,57 
-3.26,27.01,26.69,3.00,2.74,0.31,57 
-3.27,27.13,26.76,3.01,2.74,0.31,57 
-3.27,27.28,26.86,3.01,2.74,0.30,57 
-3.28,27.41,27.07,3.02,2.74,0.29,57 
-3.28,27.54,27.15,3.02,2.74,0.29,57 
-3.28,27.67,27.31,3.02,2.74,0.28,57 
-3.29,27.80,27.37,3.03,2.74,0.27,57 
-3.29,27.96,27.48,3.03,2.74,0.26,57 
-3.30,28.15,27.57,3.04,2.74,0.25,57 
-3.32,28.27,27.57,3.07,2.74,0.24,57 
-3.30,28.47,27.75,3.05,2.73,0.23,57 
-3.30,28.68,27.85,3.06,2.73,0.21,57 
-3.30,28.88,28.02,3.05,2.73,0.20,57 
-3.29,29.08,28.10,3.06,2.73,0.19,57 
-3.29,29.31,28.28,3.05,2.73,0.17,57 
-3.28,29.55,28.39,3.04,2.72,0.16,57 
-3.28,29.80,28.52,3.04,2.72,0.14,57 
-3.28,30.04,28.78,3.05,2.72,0.13,57 
-3.29,30.27,28.91,3.06,2.71,0.11,57 
-3.29,30.49,29.16,3.08,2.71,0.09,57 
-3.28,30.72,29.31,3.07,2.70,0.08,57 
-3.27,30.95,29.63,3.07,2.70,0.07,57 
-3.27,31.16,29.82,3.08,2.69,0.06,57 
-3.27,31.35,29.98,3.07,2.69,0.05,57 
-3.29,31.48,30.24,3.08,2.68,0.04,57 
-3.31,31.63,30.37,3.10,2.67,0.03,57 
-3.33,31.77,30.65,3.12,2.67,0.02,57 
-3.35,31.90,30.76,3.15,2.66,0.01,57 
-3.36,32.03,30.99,3.18,2.66,-0.00,57 
-3.37,32.16,31.09,3.19,2.65,-0.01,57 
-3.38,32.32,31.21,3.20,2.64,-0.02,57 
-3.38,32.48,31.42,3.21,2.63,-0.04,57 
-3.39,32.64,31.52,3.21,2.63,-0.05,57 
-3.40,32.84,31.72,3.24,2.61,-0.07,57 
-3.41,33.06,31.85,3.24,2.60,-0.08,57 
-3.43,33.29,32.19,3.26,2.59,-0.10,57 
-3.45,33.50,32.36,3.28,2.58,-0.12,57 
-3.46,33.70,32.52,3.29,2.56,-0.13,57 
-3.49,33.86,32.78,3.33,2.55,-0.15,57 
-3.50,34.03,32.90,3.34,2.54,-0.17,57 
-3.52,34.22,33.15,3.39,2.52,-0.19,57 
-3.54,34.41,33.28,3.41,2.51,-0.21,57 
-3.55,34.59,33.50,3.41,2.49,-0.23,57 
-3.55,34.79,33.63,3.40,2.47,-0.25,57 
-3.56,35.01,33.80,3.40,2.45,-0.28,57 
-3.59,35.20,34.04,3.47,2.42,-0.30,57 
-3.60,35.39,34.14,3.48,2.40,-0.33,57 
-3.60,35.61,34.31,3.50,2.37,-0.37,57 
-3.61,35.87,34.43,3.51,2.33,-0.41,57 
-3.61,36.16,34.74,3.54,2.29,-0.46,57 
-3.63,36.45,34.89,3.54,2.24,-0.51,57 
-3.62,36.72,35.04,3.53,2.20,-0.56,57 
-3.62,37.01,35.36,3.54,2.14,-0.62,57 
-3.64,37.31,35.58,3.55,2.09,-0.68,57 
-3.66,37.55,35.95,3.61,2.04,-0.74,57 
-3.65,37.79,36.14,3.60,1.98,-0.79,57 
-3.69,38.02,36.55,3.63,1.94,-0.85,57 
-3.72,38.21,36.73,3.66,1.89,-0.89,57 
-3.71,38.39,36.91,3.65,1.85,-0.94,57 
-3.74,38.54,37.26,3.66,1.81,-0.98,57 
-3.76,38.69,37.44,3.69,1.77,-1.02,57 
-3.77,38.83,37.83,3.70,1.74,-1.05,57 
-3.79,38.92,37.99,3.72,1.72,-1.07,57 
-3.79,38.98,38.25,3.73,1.70,-1.09,57 
-3.80,39.04,38.37,3.73,1.68,-1.12,57 
-3.80,39.10,38.47,3.75,1.66,-1.14,57 
-3.81,39.18,38.63,3.76,1.62,-1.18,57 
-3.82,39.27,38.69,3.77,1.59,-1.22,57 
-3.80,39.40,38.90,3.77,1.55,-1.26,57 
-3.79,39.53,39.02,3.75,1.51,-1.30,57 
-3.80,39.64,39.19,3.78,1.47,-1.35,57 
-3.78,39.77,39.29,3.75,1.43,-1.39,57 
-3.75,39.90,39.37,3.71,1.37,-1.45,57 
-3.79,40.07,39.52,3.74,1.31,-1.51,57 
-3.82,40.26,39.59,3.79,1.25,-1.58,57 
-3.83,40.50,39.80,3.80,1.18,-1.66,57 
-3.88,40.74,39.91,3.87,1.12,-1.72,57 
-3.86,41.01,40.15,3.90,1.07,-1.79,57 
-3.81,41.29,40.33,3.84,1.02,-1.85,57 
-3.78,41.56,40.49,3.79,0.97,-1.91,57 
-3.82,41.80,40.76,3.84,0.92,-1.96,57 
-3.85,42.07,40.89,3.86,0.87,-2.02,57 
-3.87,42.36,41.20,3.88,0.82,-2.07,57 
-3.89,42.64,41.34,3.91,0.78,-2.12,57 
-3.92,42.92,41.69,3.96,0.75,-2.16,57 
-3.92,43.21,41.88,3.96,0.72,-2.20,57 
-3.91,43.46,42.01,3.94,0.69,-2.24,57 
-3.90,43.72,42.32,3.91,0.66,-2.27,57 
-3.91,43.99,42.48,3.91,0.64,-2.31,57 
-3.93,44.28,42.85,3.97,0.61,-2.34,57 
-3.94,44.55,43.02,3.97,0.59,-2.37,57 
-3.97,44.82,43.38,4.01,0.57,-2.40,57 
-3.99,45.08,43.54,4.02,0.55,-2.43,57 
-4.02,45.33,43.69,4.05,0.53,-2.45,57 
-4.05,45.61,44.06,4.09,0.52,-2.47,57 
-4.08,45.90,44.29,4.14,0.50,-2.49,57 
-4.08,46.13,44.75,4.17,0.49,-2.51,57 
-4.08,46.31,44.91,4.16,0.48,-2.53,57 
-4.10,46.49,45.22,4.17,0.47,-2.54,57 
-4.12,46.67,45.38,4.19,0.46,-2.55,57 
-4.15,46.86,45.54,4.22,0.45,-2.57,57 
-4.16,47.06,45.89,4.24,0.44,-2.58,57 
-4.18,47.24,46.05,4.25,0.43,-2.60,57 
-4.21,47.41,46.29,4.28,0.43,-2.61,57 
-4.24,47.60,46.36,4.31,0.42,-2.63,57 
-4.28,47.87,46.53,4.39,0.41,-2.65,57 
-4.29,48.19,46.68,4.40,0.40,-2.67,57 
-4.29,48.52,46.84,4.39,0.39,-2.69,57 
-4.31,48.87,47.15,4.44,0.38,-2.71,57 
-4.32,49.22,47.30,4.44,0.38,-2.73,57 
-4.36,49.59,47.56,4.47,0.37,-2.75,57 
-4.40,50.02,47.72,4.52,0.37,-2.78,57 
-4.42,50.47,48.11,4.57,0.37,-2.80,57 
-4.43,50.93,48.31,4.58,0.36,-2.82,57 
-4.45,51.39,48.51,4.59,0.37,-2.85,57 
-4.45,51.87,48.92,4.62,0.37,-2.87,57 
-4.47,52.37,49.19,4.64,0.37,-2.89,57 
-4.50,52.83,49.84,4.68,0.37,-2.91,57 
-4.54,53.25,50.17,4.72,0.38,-2.94,57 
-4.56,53.57,50.72,4.75,0.38,-2.96,57 
-4.59,53.88,50.99,4.77,0.38,-2.97,57 
-4.63,54.17,51.27,4.81,0.39,-2.99,57 
-4.67,54.39,51.84,4.88,0.39,-3.00,57 
-4.70,54.58,52.09,4.90,0.39,-3.01,57 
-4.72,54.75,52.58,4.93,0.40,-3.03,57 
-4.74,54.88,52.77,4.95,0.40,-3.04,57 
-4.76,55.04,53.11,4.99,0.40,-3.05,57 
-4.80,55.22,53.29,5.02,0.41,-3.07,57 
-4.84,55.43,53.47,5.06,0.41,-3.08,57 
-4.85,55.65,53.82,5.08,0.42,-3.10,57 
-4.86,55.90,53.96,5.09,0.43,-3.13,57 
-4.89,56.22,54.27,5.15,0.44,3.13,57 
-4.90,56.56,54.44,5.16,0.46,3.10,57 
-4.93,56.95,54.83,5.22,0.48,3.07,57 
-4.97,57.36,55.06,5.25,0.51,3.03,57 
-5.00,57.77,55.32,5.27,0.53,2.99,57 
-5.04,58.14,55.82,5.35,0.56,2.94,57 
-5.08,58.50,56.05,5.38,0.60,2.90,57 
-5.11,58.85,56.57,5.39,0.63,2.85,57 
-5.15,59.19,56.83,5.43,0.67,2.80,57 
-5.20,59.50,57.39,5.50,0.71,2.75,57 
-5.25,59.79,57.64,5.55,0.75,2.69,57 
-5.30,60.05,57.88,5.61,0.79,2.64,57 
-5.33,60.29,58.38,5.65,0.84,2.59,57 
-5.38,60.51,58.61,5.70,0.89,2.53,57 
-5.41,60.71,58.96,5.77,0.94,2.47,57 
-5.46,60.95,59.13,5.83,1.00,2.40,57 
-5.47,61.22,59.54,5.82,1.08,2.32,57 
-5.52,61.49,59.73,5.89,1.16,2.23,57 
-5.56,61.74,59.91,5.94,1.24,2.13,57 
-5.55,62.02,60.32,5.94,1.34,2.02,57 
-5.56,62.32,60.52,5.96,1.45,1.91,57 
-5.59,62.61,61.00,6.05,1.55,1.81,57 
-5.58,62.86,61.23,6.04,1.63,1.72,57 
-5.58,63.06,61.64,6.08,1.71,1.64,57 
-5.55,63.25,61.86,6.04,1.77,1.57,57 
-5.55,63.44,62.08,6.01,1.83,1.51,57 
-5.61,63.64,62.51,6.09,1.89,1.44,57 
-5.65,63.82,62.71,6.12,1.95,1.38,57 
-5.67,64.01,63.04,6.17,2.01,1.31,57 
-5.66,64.20,63.20,6.15,2.07,1.24,57 
-5.76,64.48,63.52,6.34,2.15,1.16,57 
-5.77,64.79,63.74,6.33,2.21,1.08,57 
-5.80,65.06,63.94,6.36,2.27,1.02,57 
-5.82,65.34,64.36,6.45,2.32,0.96,57 
-5.87,65.60,64.58,6.49,2.36,0.92,57 
-5.88,65.85,64.96,6.61,2.39,0.87,57 
-5.92,66.08,65.17,6.64,2.42,0.84,57 
-5.97,66.31,65.58,6.72,2.45,0.80,57 
-6.00,66.54,65.80,6.73,2.47,0.77,57 
-6.05,66.76,66.00,6.78,2.49,0.75,57 
-6.12,66.96,66.35,6.91,2.51,0.72,57 
-6.20,67.19,66.53,7.01,2.53,0.69,57 
-6.23,67.42,66.92,7.05,2.55,0.67,57 
-6.29,67.64,67.08,7.10,2.57,0.64,57 
-6.33,67.89,67.43,7.18,2.58,0.62,57 
-6.39,68.14,67.61,7.24,2.60,0.60,57 
-6.46,68.38,67.79,7.32,2.61,0.57,57 
-6.52,68.64,68.18,7.42,2.62,0.55,57 
-6.56,68.87,68.36,7.47,2.63,0.54,57 
-6.61,69.10,68.80,7.58,2.64,0.52,57 
-6.68,69.25,69.03,7.65,2.64,0.52,57 
-6.65,69.38,69.46,7.71,2.64,0.51,57 
-6.65,69.44,69.66,7.70,2.64,0.51,57 
-6.65,69.47,69.85,7.68,2.64,0.51,57 
-6.70,69.48,70.13,7.79,2.64,0.51,57 
-6.72,69.49,70.26,7.79,2.64,0.51,57 
-6.74,69.50,70.51,7.85,2.64,0.51,57 
-6.77,69.52,70.64,7.86,2.64,0.51,57 
-6.82,69.55,70.89,7.94,2.64,0.51,57 
-6.85,69.57,70.98,7.96,2.64,0.51,57 
-6.88,69.60,71.07,7.98,2.64,0.50,57 
-6.92,69.66,71.30,8.02,2.64,0.50,57 
-6.97,69.74,71.41,8.06,2.64,0.49,57 
-7.00,69.81,71.66,8.12,2.64,0.49,57 
-7.02,69.87,71.78,8.12,2.64,0.49,57 
-7.10,69.90,72.04,8.19,2.64,0.49,57 
-7.17,69.92,72.20,8.25,2.64,0.49,57 
-7.25,69.90,72.37,8.34,2.63,0.49,57 
-7.30,69.74,72.68,8.44,2.62,0.51,57 
-7.30,69.52,72.81,8.43,2.61,0.53,57 
-7.21,69.20,72.98,8.20,2.59,0.56,57 
-7.29,68.91,73.06,8.27,2.57,0.59,57 
-7.39,68.57,73.09,8.48,2.54,0.62,57 
-7.47,68.23,73.06,8.58,2.52,0.65,57 
-7.49,67.90,73.04,8.60,2.50,0.69,57 
-7.47,67.58,73.05,8.52,2.46,0.73,57 
-7.48,67.25,73.03,8.53,2.43,0.77,57 
-7.50,66.88,72.95,8.54,2.39,0.83,57 
-7.49,66.52,72.89,8.53,2.34,0.88,57 
-7.46,66.13,72.77,8.40,2.29,0.95,57 
-7.44,65.75,72.68,8.37,2.22,1.03,57 
-7.42,65.36,72.59,8.33,2.15,1.11,57 
-7.41,64.99,72.34,8.28,2.07,1.20,57 
-7.39,64.64,72.21,8.26,1.99,1.29,57 
-7.36,64.29,72.02,8.16,1.89,1.40,57 
-7.31,63.90,71.92,8.10,1.77,1.54,57 
-7.28,63.49,71.64,7.98,1.64,1.68,57 
-7.22,63.10,71.52,7.90,1.51,1.83,57 
-7.21,62.70,71.39,7.88,1.37,1.97,57 
-7.20,62.28,71.10,7.83,1.24,2.12,57 
-7.16,61.82,70.94,7.78,1.10,2.27,57 
-7.14,61.38,70.56,7.71,0.99,2.40,57 
-7.11,60.95,70.36,7.67,0.90,2.50,57 
-7.09,60.51,69.91,7.60,0.82,2.60,57 
-7.07,60.06,69.67,7.57,0.75,2.68,57 
-7.06,59.63,69.41,7.58,0.69,2.76,57 
-6.98,59.21,68.89,7.41,0.65,2.82,57 
-6.92,58.78,68.60,7.33,0.61,2.87,57 
-6.88,58.42,67.95,7.21,0.58,2.91,57 
-6.83,58.11,67.64,7.15,0.56,2.94,57 
-6.80,57.87,67.09,7.08,0.54,2.97,57 
-6.76,57.65,66.82,7.04,0.53,3.00,57 
-6.70,57.44,66.59,6.96,0.51,3.02,57 
-6.64,57.22,66.12,6.79,0.50,3.04,57 
-6.60,57.00,65.87,6.73,0.49,3.06,57 
-6.54,56.80,65.42,6.59,0.48,3.08,57 
-6.50,56.61,65.23,6.52,0.47,3.10,57 
-6.48,56.39,64.80,6.47,0.46,3.12,57 
-6.45,56.17,64.60,6.42,0.45,3.14,57 
-6.42,55.94,64.41,6.37,0.43,-3.13,57 
-6.41,55.67,64.00,6.33,0.42,-3.11,57 
-6.39,55.39,63.80,6.29,0.41,-3.09,57 
-6.36,55.09,63.39,6.22,0.40,-3.07,57 
-6.35,54.77,63.17,6.20,0.39,-3.04,57 
-6.32,54.44,62.76,6.11,0.38,-3.03,57 
-6.32,54.10,62.53,6.10,0.38,-3.01,57 
-6.31,53.75,62.30,6.09,0.37,-2.99,57 
-6.29,53.37,61.76,6.03,0.37,-2.96,57 
-6.26,52.98,61.48,5.99,0.36,-2.94,57 
-6.23,52.60,60.92,5.90,0.36,-2.92,57 
-6.20,52.25,60.67,5.87,0.36,-2.90,57 
-6.18,51.89,60.16,5.80,0.36,-2.89,57 
-6.14,51.52,59.88,5.76,0.36,-2.87,57 
-6.11,51.14,59.60,5.72,0.36,-2.85,57 
-6.08,50.77,59.02,5.65,0.36,-2.83,57 
-6.06,50.41,58.73,5.62,0.36,-2.81,57 
-6.02,50.07,58.11,5.54,0.37,-2.79,57 
-5.98,49.73,57.82,5.50,0.37,-2.77,57 
-5.95,49.41,57.22,5.41,0.38,-2.75,57 
-5.91,49.10,56.91,5.36,0.38,-2.74,57 
-5.87,48.81,56.63,5.32,0.39,-2.72,57 
-5.85,48.53,56.05,5.26,0.39,-2.70,57 
-5.82,48.25,55.76,5.24,0.40,-2.68,57 
-5.84,47.97,55.18,5.24,0.41,-2.67,57 
-5.80,47.70,54.90,5.20,0.42,-2.65,57 
-5.74,47.43,54.37,5.08,0.43,-2.63,57 
-5.70,47.16,54.12,5.03,0.44,-2.61,57 
-5.67,46.88,53.86,5.00,0.45,-2.59,57 
-5.64,46.59,53.35,4.92,0.46,-2.56,57 
-5.64,46.28,53.09,4.92,0.48,-2.54,57 
-5.61,45.98,52.56,4.89,0.50,-2.51,57 
-5.59,45.67,52.30,4.87,0.52,-2.48,57 
-5.56,45.35,51.80,4.81,0.54,-2.44,57 
-5.53,45.02,51.52,4.79,0.57,-2.40,57 
-5.48,44.69,51.27,4.73,0.60,-2.36,57 
-5.44,44.32,50.64,4.72,0.64,-2.31,57 
-5.37,43.96,50.36,4.64,0.69,-2.26,57 
-5.34,43.60,49.79,4.55,0.74,-2.20,57 
-5.31,43.23,49.52,4.52,0.79,-2.13,57 
-5.28,42.84,48.97,4.46,0.86,-2.05,57 
-5.26,42.45,48.68,4.43,0.93,-1.97,57 
-5.23,42.08,48.38,4.40,1.01,-1.87,57 
-5.21,41.71,47.77,4.37,1.10,-1.77,57 
-5.18,41.35,47.47,4.35,1.20,-1.66,57 
-5.14,40.99,46.81,4.28,1.30,-1.56,57 
-5.11,40.65,46.47,4.24,1.40,-1.45,57 
-5.08,40.37,45.85,4.18,1.48,-1.36,57 
-5.05,40.09,45.55,4.16,1.57,-1.26,57 
-5.03,39.82,45.23,4.14,1.65,-1.17,57 
-5.01,39.59,44.61,4.09,1.72,-1.10,57 
-4.99,39.38,44.34,4.09,1.80,-1.02,57 
-4.94,39.17,43.85,3.99,1.86,-0.95,57 
-4.90,38.97,43.59,3.95,1.93,-0.88,57 
-4.89,38.75,43.04,3.91,1.98,-0.82,57 
-4.87,38.55,42.76,3.90,2.03,-0.76,57 
-4.85,38.38,42.51,3.88,2.07,-0.71,57 
-4.83,38.22,42.07,3.84,2.12,-0.67,57 
-4.81,38.05,41.85,3.82,2.16,-0.62,57 
-4.80,37.85,41.36,3.80,2.20,-0.57,57 
-4.79,37.66,41.11,3.80,2.23,-0.53,57 
-4.78,37.48,40.63,3.76,2.27,-0.49,57 
-4.77,37.31,40.38,3.76,2.30,-0.46,57 
-4.73,37.14,40.15,3.73,2.32,-0.43,57 
-4.73,36.98,39.71,3.70,2.35,-0.40,57 
-4.70,36.84,39.50,3.68,2.37,-0.37,57 
-4.68,36.69,39.13,3.64,2.39,-0.34,57 
-4.67,36.53,38.95,3.63,2.42,-0.31,57 
-4.66,36.36,38.57,3.64,2.44,-0.29,57 
-4.63,36.18,38.39,3.61,2.46,-0.26,57 
-4.60,36.00,38.22,3.58,2.48,-0.23,57 
-4.58,35.78,37.82,3.55,2.51,-0.20,57 
-4.55,35.56,37.62,3.52,2.52,-0.18,57 
-4.54,35.36,37.28,3.53,2.54,-0.15,57 
-4.51,35.16,37.15,3.50,2.56,-0.12,57 
-4.50,34.90,36.79,3.47,2.58,-0.09,57 
-4.51,34.63,36.58,3.49,2.60,-0.07,57 
-4.50,34.36,36.35,3.49,2.61,-0.05,57 
-4.47,34.11,35.93,3.47,2.62,-0.02,57 
-4.44,33.87,35.72,3.44,2.64,-0.01,57 
-4.42,33.64,35.38,3.42,2.65,0.01,57 
-4.39,33.41,35.24,3.40,2.66,0.04,57 
-4.36,33.13,34.93,3.32,2.67,0.06,57 
-4.36,32.82,34.74,3.34,2.68,0.08,57 
-4.35,32.51,34.55,3.34,2.69,0.10,57 
-4.31,32.19,34.17,3.29,2.70,0.12,57 
-4.28,31.88,33.99,3.27,2.71,0.14,57 
-4.27,31.53,33.62,3.26,2.71,0.16,57 
-4.24,31.17,33.40,3.23,2.72,0.18,57 
-4.22,30.80,32.98,3.21,2.72,0.20,57 
-4.18,30.46,32.79,3.17,2.73,0.23,57 
-4.16,30.10,32.59,3.15,2.73,0.25,57 
-4.15,29.72,32.16,3.18,2.73,0.26,57 
-4.10,29.37,31.99,3.13,2.73,0.28,57 
-4.08,28.96,31.62,3.09,2.73,0.31,57 
-4.07,28.52,31.39,3.09,2.73,0.33,57 
-4.05,28.08,30.92,3.05,2.73,0.35,57 
-4.02,27.65,30.69,3.04,2.73,0.37,57 
-4.01,27.23,30.47,3.03,2.72,0.40,57 
-3.99,26.79,30.06,3.02,2.71,0.43,57 
-3.96,26.34,29.85,3.00,2.70,0.45,57 
-3.93,25.84,29.40,2.95,2.69,0.49,57 
-3.92,25.33,29.15,2.94,2.67,0.52,57 
-3.89,24.79,28.61,2.91,2.66,0.56,57 
-3.85,24.26,28.34,2.88,2.63,0.60,57 
-3.83,23.71,28.05,2.87,2.60,0.65,57 
-3.81,23.16,27.40,2.84,2.56,0.70,57 
-3.80,22.66,27.11,2.84,2.52,0.75,57 
-3.77,22.14,26.56,2.81,2.47,0.82,57 
-3.75,21.61,26.25,2.80,2.41,0.90,57 
-3.72,21.06,25.54,2.77,2.33,0.98,57 
-3.69,20.52,25.15,2.75,2.25,1.08,57 
-3.66,20.03,24.79,2.74,2.15,1.19,57 
-3.63,19.57,24.06,2.69,2.05,1.31,57 
-3.59,19.14,23.72,2.66,1.93,1.44,57 
-3.57,18.71,23.06,2.62,1.79,1.58,57 
-3.55,18.30,22.70,2.61,1.66,1.73,57 
-3.53,17.91,21.99,2.59,1.53,1.86,57 
-3.51,17.54,21.60,2.58,1.42,1.98,57 
-3.48,17.20,21.24,2.55,1.31,2.10,57 
-3.47,16.91,20.60,2.54,1.22,2.20,57 
-3.45,16.64,20.30,2.53,1.13,2.30,57 
-3.42,16.38,19.73,2.51,1.05,2.40,57 
-3.38,16.13,19.49,2.48,0.97,2.48,57 
-3.35,15.83,18.94,2.42,0.90,2.56,57 
-3.32,15.51,18.64,2.38,0.84,2.64,57 
-3.30,15.22,18.35,2.38,0.78,2.70,57 
-3.27,14.94,17.84,2.37,0.73,2.76,57 
-3.25,14.65,17.59,2.36,0.68,2.82,57 
-3.24,14.34,17.11,2.36,0.64,2.87,57 
-3.21,14.02,16.86,2.34,0.60,2.92,57 
-3.21,13.67,16.40,2.35,0.56,2.97,57 
-3.21,13.31,16.12,2.35,0.53,3.01,57 
-3.18,12.94,15.85,2.33,0.50,3.05,57 
-3.18,12.56,15.29,2.32,0.48,3.09,57 
-3.17,12.19,15.00,2.32,0.45,3.12,57 
-3.17,11.82,14.47,2.33,0.44,-3.13,57 
-3.15,11.47,14.18,2.33,0.42,-3.10,57 
-3.13,11.09,13.60,2.30,0.41,-3.08,57 
-3.11,10.72,13.29,2.27,0.40,-3.06,57 
-3.11,10.37,12.98,2.28,0.38,-3.04,57 
-3.09,10.07,12.38,2.31,0.38,-3.02,57 
-3.06,9.77,12.10,2.28,0.37,-3.00,57 
-3.05,9.50,11.59,2.28,0.36,-2.98,57 
-3.03,9.22,11.36,2.28,0.36,-2.96,57 
-3.01,8.94,10.94,2.23,0.35,-2.94,57 
-3.01,8.64,10.74,2.23,0.35,-2.93,57 
-3.00,8.29,10.50,2.22,0.34,-2.91,57 
-3.01,7.85,9.91,2.20,0.34,-2.90,57 
-3.02,7.44,9.61,2.21,0.34,-2.89,57 
-3.00,7.06,8.98,2.23,0.34,-2.87,57 
-2.97,6.73,8.77,2.22,0.34,-2.85,57 
-2.95,6.36,8.34,2.18,0.34,-2.83,57 
-2.92,5.99,8.17,2.14,0.34,-2.81,57 
-2.93,5.59,7.94,2.15,0.34,-2.80,57 
-2.91,5.12,7.38,2.13,0.35,-2.79,57 
-2.89,4.66,7.07,2.12,0.35,-2.77,57 
-2.88,4.23,6.40,2.10,0.35,-2.75,57 
-2.87,3.82,6.08,2.11,0.36,-2.73,57 
-2.85,3.45,5.53,2.10,0.37,-2.71,57 
-2.82,3.07,5.23,2.08,0.39,-2.68,57 
-2.80,2.70,4.92,2.06,0.40,-2.66,57 
-2.80,2.35,4.41,2.08,0.40,-2.65,57 
-2.79,1.99,4.06,2.08,0.41,-2.64,57 
-2.77,1.68,3.39,2.05,0.42,-2.62,57 
-2.75,1.40,3.10,2.03,0.43,-2.60,57 
-2.74,1.15,2.56,2.02,0.44,-2.58,57 
-2.73,0.89,2.27,2.01,0.46,-2.56,57 
-2.73,0.66,1.98,2.02,0.47,-2.54,57 
-2.72,0.45,1.42,2.02,0.48,-2.53,57 
-2.70,0.27,1.15,2.00,0.50,-2.51,57 
-2.69,0.15,0.77,2.01,0.51,-2.48,57 
-2.68,-0.36,-0.18,1.99,0.52,-2.48,57 
-2.70,-0.09,-0.60,2.17,0.52,-2.48,57 
-2.59,0.08,-0.53,2.03,0.52,-2.48,57 
-2.52,-0.02,-0.77,1.93,0.52,-2.47,57 
-2.56,0.03,-1.24,2.06,0.52,-2.47,57 
-2.54,0.09,-1.35,2.04,0.52,-2.47,57 
-2.57,0.09,-1.62,2.04,0.52,-2.47,57 
-2.58,0.09,-1.78,2.07,0.52,-2.47,57 
-2.58,0.12,-2.03,2.05,0.52,-2.47,57 
-2.58,0.12,-2.16,2.06,0.52,-2.47,57 
-2.58,0.12,-2.29,2.06,0.52,-2.46,57 
-2.58,0.12,-2.48,2.05,0.52,-2.46,57 
-2.60,0.12,-2.58,2.07,0.52,-2.46,57 
-2.60,0.11,-2.78,2.10,0.52,-2.45,57 
-2.59,0.11,-2.88,2.08,0.52,-2.45,57 
-2.61,0.10,-3.05,2.11,0.52,-2.45,57 
-2.60,0.10,-3.13,2.11,0.53,-2.45,57 
-2.59,0.08,-3.22,2.09,0.52,-2.45,57 
-2.58,0.11,-3.38,2.09,0.52,-2.45,57 
-2.58,0.13,-3.41,2.08,0.52,-2.44,57 
-2.59,0.10,-3.57,2.10,0.52,-2.44,57 
-2.58,0.12,-3.63,2.09,0.52,-2.44,57 
-2.59,0.11,-3.76,2.10,0.52,-2.44,57 
-2.60,0.14,-3.80,2.12,0.52,-2.44,57 
-2.59,0.15,-3.84,2.10,0.52,-2.44,57 
-2.60,0.18,-3.90,2.08,0.51,-2.44,57 
-2.65,0.19,-3.90,2.12,0.51,-2.44,57 
-2.68,0.15,-4.06,2.18,0.51,-2.44,57 
-2.70,0.17,-4.10,2.23,0.51,-2.44,57 
-2.69,0.20,-4.21,2.26,0.51,-2.44,57 
-2.66,0.20,-4.28,2.23,0.51,-2.44,57 
-2.60,0.28,-4.24,2.16,0.51,-2.45,57 
-2.61,0.27,-4.19,2.10,0.51,-2.44,57 
-2.63,0.26,-4.19,2.11,0.50,-2.44,57 
-2.67,0.26,-4.20,2.19,0.50,-2.44,57 
-2.71,0.24,-4.24,2.24,0.50,-2.44,57 
-2.71,0.24,-4.32,2.29,0.50,-2.44,57 
-2.71,0.26,-4.34,2.29,0.50,-2.44,57 
-2.69,0.29,-4.34,2.28,0.50,-2.44,57 
-2.66,0.31,-4.37,2.23,0.50,-2.44,57 
-2.64,0.34,-4.36,2.21,0.50,-2.45,57 
-2.63,0.34,-4.32,2.18,0.50,-2.45,57 
-2.63,0.35,-4.30,2.17,0.49,-2.44,57 
-2.64,0.34,-4.26,2.18,0.49,-2.44,57 
-2.66,0.33,-4.25,2.20,0.49,-2.44,57 
-2.67,0.32,-4.25,2.21,0.49,-2.44,57 
-2.69,0.32,-4.24,2.27,0.49,-2.44,57 
-2.70,0.33,-4.24,2.28,0.49,-2.44,57 
-2.69,0.34,-4.24,2.28,0.49,-2.44,57 
-2.67,0.35,-4.23,2.26,0.49,-2.44,57 
-2.64,0.38,-4.18,2.22,0.49,-2.44,57 
-2.63,0.40,-4.14,2.20,0.49,-2.44,57 
-2.62,0.41,-4.10,2.19,0.48,-2.44,57 
-2.63,0.42,-4.03,2.19,0.48,-2.44,57 
-2.64,0.42,-3.99,2.19,0.48,-2.44,57 
-2.66,0.42,-3.94,2.23,0.48,-2.44,57 
-2.67,0.40,-3.93,2.25,0.48,-2.44,57 
-2.67,0.40,-3.91,2.27,0.48,-2.44,57 
-2.66,0.42,-3.90,2.27,0.47,-2.44,57 
-2.65,0.43,-3.87,2.26,0.47,-2.44,57 
-2.63,0.45,-3.82,2.23,0.47,-2.44,57 
-2.61,0.46,-3.78,2.21,0.47,-2.44,57 
-2.61,0.47,-3.69,2.18,0.47,-2.44,57 
-2.62,0.47,-3.64,2.18,0.47,-2.44,57 
-2.64,0.46,-3.56,2.20,0.47,-2.44,57 
-2.66,0.46,-3.52,2.22,0.47,-2.44,57 
-2.67,0.46,-3.49,2.24,0.47,-2.44,57 
-2.67,0.46,-3.44,2.27,0.46,-2.44,57 
-2.66,0.46,-3.43,2.26,0.46,-2.44,57 
-2.65,0.47,-3.38,2.24,0.46,-2.44,57 
-2.63,0.48,-3.35,2.22,0.46,-2.44,57 
-2.62,0.49,-3.27,2.20,0.46,-2.44,57 
-2.61,0.50,-3.21,2.19,0.46,-2.44,57 
-2.61,0.50,-3.17,2.19,0.46,-2.44,57 
-2.62,0.51,-3.07,2.21,0.46,-2.44,57 
-2.63,0.51,-3.03,2.22,0.46,-2.44,57 
-2.64,0.52,-2.94,2.24,0.45,-2.44,57 
-2.64,0.52,-2.91,2.25,0.45,-2.44,57 
-2.64,0.52,-2.83,2.26,0.45,-2.44,57 
-2.65,0.52,-2.80,2.26,0.45,-2.44,57 
-2.65,0.53,-2.77,2.27,0.45,-2.44,57 
-2.65,0.53,-2.69,2.28,0.45,-2.44,57 
-2.66,0.54,-2.65,2.28,0.45,-2.44,57 
-2.65,0.55,-2.57,2.28,0.45,-2.44,57 
-2.65,0.55,-2.54,2.28,0.45,-2.45,57 
-2.65,0.55,-2.48,2.28,0.45,-2.45,57 
-2.64,0.56,-2.43,2.28,0.44,-2.45,57 
-2.65,0.56,-2.39,2.29,0.44,-2.45,57 
-2.66,0.56,-2.31,2.29,0.44,-2.44,57 
-2.66,0.56,-2.28,2.29,0.44,-2.45,57 
-2.66,0.57,-2.19,2.31,0.44,-2.44,57 
-2.66,0.58,-2.15,2.30,0.44,-2.45,57 
-2.64,0.58,-2.08,2.27,0.44,-2.44,57 
-2.63,0.59,-2.04,2.26,0.44,-2.44,57 
-2.62,0.59,-2.00,2.25,0.44,-2.44,57 
-2.63,0.58,-1.93,2.25,0.44,-2.44,57 
-2.64,0.57,-1.90,2.26,0.44,-2.44,57 
-2.65,0.57,-1.84,2.29,0.43,-2.44,57 
-2.66,0.57,-1.81,2.30,0.43,-2.44,57 
-2.65,0.57,-1.76,2.30,0.43,-2.44,57 
-2.64,0.58,-1.73,2.29,0.43,-2.44,57 
-2.64,0.59,-1.69,2.29,0.43,-2.44,57 
-2.64,0.59,-1.62,2.27,0.43,-2.44,57 
-2.63,0.59,-1.58,2.27,0.43,-2.44,57 
-2.63,0.59,-1.52,2.27,0.43,-2.44,57 
-2.64,0.59,-1.49,2.27,0.43,-2.44,57 
-2.63,0.59,-1.42,2.27,0.42,-2.45,57 
-2.63,0.60,-1.39,2.27,0.42,-2.45,57 
-2.63,0.61,-1.35,2.27,0.42,-2.45,57 
-2.64,0.60,-1.28,2.27,0.42,-2.45,57 
-2.64,0.60,-1.25,2.27,0.42,-2.44,57 
-2.64,0.60,-1.20,2.28,0.42,-2.45,57 
-2.64,0.60,-1.16,2.29,0.42,-2.45,57 
-2.63,0.61,-1.10,2.28,0.42,-2.45,57 
-2.63,0.62,-1.07,2.28,0.42,-2.45,57 
-2.62,0.63,-1.04,2.27,0.41,-2.45,57 
-2.62,0.63,-0.98,2.26,0.41,-2.45,57 
-2.62,0.63,-0.94,2.25,0.41,-2.45,57 
-2.64,0.62,-0.87,2.27,0.41,-2.45,57 
-2.66,0.61,-0.85,2.29,0.41,-2.45,57 
-2.66,0.61,-0.82,2.31,0.40,-2.45,57 
-2.65,0.62,-0.80,2.31,0.41,-2.45,57 
-2.64,0.63,-0.78,2.30,0.41,-2.45,57 
-2.61,0.64,-0.74,2.26,0.40,-2.45,57 
-2.59,0.65,-0.71,2.23,0.40,-2.45,57 
-2.59,0.66,-0.63,2.22,0.40,-2.45,57 
-2.59,0.66,-0.59,2.21,0.40,-2.45,57 
-2.61,0.66,-0.51,2.23,0.40,-2.45,57 
-2.63,0.65,-0.48,2.25,0.40,-2.45,57 
-2.63,0.65,-0.46,2.26,0.40,-2.45,57 
-2.64,0.65,-0.44,2.29,0.40,-2.45,57 
-2.64,0.65,-0.42,2.29,0.40,-2.45,57 
-2.63,0.66,-0.38,2.28,0.40,-2.45,57 
-2.62,0.66,-0.35,2.27,0.40,-2.45,57 
-2.61,0.66,-0.32,2.25,0.40,-2.45,57 
-2.61,0.66,-0.29,2.25,0.39,-2.45,57 
-2.62,0.65,-0.27,2.25,0.39,-2.45,57 
-2.62,0.65,-0.23,2.26,0.39,-2.45,57 
-2.62,0.65,-0.22,2.26,0.39,-2.45,57 
-2.62,0.65,-0.19,2.26,0.39,-2.45,57 
-2.61,0.66,-0.17,2.25,0.39,-2.45,57 
-2.61,0.66,-0.13,2.24,0.39,-2.45,57 
-2.61,0.66,-0.11,2.24,0.38,-2.45,57 
-2.62,0.65,-0.09,2.25,0.38,-2.45,57 
-2.63,0.66,-0.03,2.28,0.38,-2.45,57 
-2.63,0.69,0.01,2.29,0.38,-2.45,57 
-2.63,0.71,0.07,2.30,0.38,-2.45,57 
-2.60,0.69,0.06,2.28,0.38,-2.45,57 
-2.60,0.66,0.02,2.22,0.38,-2.45,57 
-2.60,0.66,0.05,2.23,0.38,-2.45,57 
-2.63,0.66,0.08,2.25,0.37,-2.45,57 
-2.66,0.66,0.11,2.31,0.37,-2.45,57 
-2.69,0.68,0.15,2.35,0.37,-2.45,57 
-2.67,0.69,0.17,2.35,0.37,-2.45,57 
-2.64,0.70,0.16,2.32,0.37,-2.45,57 
-2.60,0.71,0.21,2.24,0.37,-2.45,57 
-2.57,0.70,0.23,2.20,0.37,-2.45,57 
-2.59,0.70,0.27,2.20,0.37,-2.45,57 
-2.62,0.69,0.37,2.25,0.36,-2.45,57 
-2.66,0.67,0.38,2.30,0.36,-2.45,57 
-2.68,0.68,0.35,2.39,0.36,-2.45,57 
-2.67,0.67,0.32,2.39,0.36,-2.45,57 
-2.63,0.67,0.28,2.33,0.36,-2.45,57 
-2.60,0.68,0.29,2.29,0.36,-2.45,57 
-2.57,0.69,0.31,2.25,0.36,-2.45,57 
-2.58,0.69,0.37,2.23,0.36,-2.45,57 
-2.61,0.69,0.41,2.26,0.35,-2.45,57 
-2.65,0.67,0.45,2.31,0.35,-2.45,57 
-2.66,0.67,0.45,2.34,0.35,-2.45,57 
-2.66,0.66,0.44,2.36,0.35,-2.45,57 
-2.64,0.65,0.42,2.34,0.35,-2.45,57 
-2.63,0.65,0.41,2.33,0.35,-2.46,57 
-2.61,0.66,0.44,2.30,0.35,-2.46,57 
-2.61,0.66,0.45,2.30,0.35,-2.46,57 
-2.62,0.67,0.50,2.30,0.34,-2.46,57 
-2.62,0.67,0.51,2.31,0.34,-2.46,57 
-2.62,0.67,0.54,2.30,0.34,-2.46,57 
-2.62,0.67,0.55,2.30,0.34,-2.46,57 
-2.62,0.67,0.56,2.30,0.34,-2.46,57 
-2.62,0.67,0.59,2.30,0.34,-2.46,57 
-2.63,0.67,0.61,2.31,0.34,-2.46,57 
-2.65,0.66,0.62,2.34,0.34,-2.46,57 
-2.65,0.67,0.63,2.35,0.34,-2.46,57 
-2.64,0.66,0.62,2.35,0.34,-2.46,57 
-2.63,0.66,0.62,2.34,0.33,-2.46,57 
-2.61,0.68,0.63,2.32,0.33,-2.46,57 
-2.61,0.68,0.66,2.30,0.33,-2.46,57 
-2.61,0.69,0.68,2.30,0.33,-2.46,57 
-2.61,0.69,0.72,2.30,0.33,-2.46,57 
-2.62,0.68,0.72,2.31,0.33,-2.46,57 
-2.64,0.68,0.73,2.35,0.32,-2.46,57 
-2.65,0.68,0.72,2.36,0.32,-2.46,57 
-2.65,0.68,0.72,2.36,0.32,-2.46,57 
-2.63,0.69,0.72,2.35,0.32,-2.46,57 
-2.62,0.70,0.72,2.33,0.32,-2.46,57 
-2.61,0.70,0.75,2.29,0.32,-2.46,57 
-2.60,0.71,0.77,2.28,0.32,-2.46,57 
-2.61,0.69,0.79,2.28,0.32,-2.46,57 
-2.64,0.67,0.80,2.30,0.31,-2.46,57 
-2.66,0.66,0.81,2.33,0.31,-2.46,57 
-2.68,0.66,0.79,2.38,0.31,-2.46,57 
-2.67,0.66,0.78,2.38,0.31,-2.47,57 
-2.62,0.69,0.75,2.33,0.31,-2.47,57 
-2.55,0.77,0.81,2.24,0.31,-2.47,57 
-2.57,0.75,0.88,2.15,0.31,-2.47,57 
-2.61,0.72,0.91,2.18,0.30,-2.46,57 
-2.69,0.66,0.92,2.25,0.30,-2.46,57 
-2.77,0.62,0.75,2.51,0.30,-2.46,57 
-2.76,0.64,0.72,2.54,0.30,-2.47,57 
-2.68,0.67,0.61,2.41,0.30,-2.47,57 
-2.54,0.79,0.74,2.24,0.30,-2.47,57 
-2.59,0.75,0.91,2.15,0.30,-2.47,57 
-2.64,0.68,0.90,2.20,0.29,-2.47,57 
-2.73,0.63,0.89,2.29,0.29,-2.46,57 
-2.75,0.61,0.77,2.47,0.29,-2.46,57 
-2.73,0.61,0.73,2.46,0.29,-2.47,57 
-2.67,0.68,0.71,2.36,0.29,-2.47,57 
-2.59,0.77,0.83,2.25,0.29,-2.47,57 
-2.61,0.75,0.96,2.20,0.29,-2.47,57 
-2.65,0.73,0.99,2.23,0.28,-2.47,57 
-2.70,0.73,1.02,2.28,0.28,-2.47,57 
-2.75,0.69,0.91,2.42,0.28,-2.47,57 
-2.76,0.69,0.87,2.44,0.28,-2.47,57 
-2.72,0.70,0.80,2.40,0.28,-2.47,57 
-2.68,0.71,0.78,2.37,0.28,-2.47,57 
-2.65,0.73,0.84,2.29,0.28,-2.47,57 
-2.63,0.74,0.87,2.26,0.28,-2.47,57 
-2.63,0.74,0.89,2.25,0.27,-2.48,57 
-2.64,0.74,0.95,2.26,0.27,-2.47,57 
-2.65,0.71,0.94,2.27,0.27,-2.47,57 
-2.68,0.70,0.96,2.32,0.27,-2.47,57 
-2.71,0.68,0.94,2.36,0.26,-2.47,57 
-2.70,0.68,0.89,2.39,0.26,-2.48,57 
-2.69,0.70,0.88,2.38,0.26,-2.48,57 
-2.65,0.71,0.86,2.35,0.26,-2.48,57 
-2.61,0.73,0.90,2.26,0.26,-2.48,57 
-2.58,0.74,0.94,2.22,0.26,-2.48,57 
-2.61,0.72,0.99,2.24,0.26,-2.48,57 
-2.65,0.70,1.01,2.27,0.25,-2.48,57 
-2.72,0.66,0.93,2.41,0.25,-2.48,57 
-2.75,0.65,0.89,2.47,0.25,-2.48,57 
-2.72,0.66,0.86,2.46,0.25,-2.48,57 
-2.66,0.69,0.81,2.38,0.26,-2.48,57 
-2.56,0.78,0.91,2.25,0.26,-2.48,57 
-2.58,0.75,1.01,2.16,0.25,-2.48,57 
-2.61,0.72,1.03,2.18,0.25,-2.48,57 
-2.68,0.68,1.03,2.31,0.24,-2.48,57 
-2.74,0.63,0.97,2.40,0.24,-2.48,57 
-2.76,0.65,0.94,2.44,0.24,-2.48,57 
-2.71,0.67,0.88,2.38,0.25,-2.48,57 
-2.66,0.69,0.87,2.34,0.24,-2.49,57 
-2.62,0.72,0.98,2.21,0.24,-2.49,57 
-2.62,0.70,0.99,2.20,0.24,-2.49,57 
-2.65,0.68,1.02,2.23,0.24,-2.48,57 
-2.67,0.66,1.03,2.26,0.24,-2.48,57 
-2.70,0.63,1.00,2.29,0.23,-2.48,57 
-2.70,0.64,0.98,2.32,0.23,-2.48,57 
-2.68,0.64,0.97,2.31,0.24,-2.48,57 
-2.67,0.65,0.95,2.29,0.23,-2.48,57 
-2.67,0.67,0.97,2.29,0.23,-2.48,57 
-2.67,0.67,0.98,2.28,0.23,-2.49,57 
-2.69,0.67,0.99,2.29,0.23,-2.49,57 
-2.71,0.66,1.00,2.32,0.23,-2.48,57 
